# Wlen (micron), Fpl/Fs, Fpl/Fs error
2.870821137400156875e+00 8.346328347691165436e-04 3.045671718250346147e-04
2.872620326343430008e+00 6.852410212713311126e-04 3.020890631654650602e-04
2.874419515286703142e+00 4.977606621055812768e-04 2.999491051182628194e-04
2.876218690749064333e+00 7.627875248637518667e-04 2.973247273913602671e-04
2.878017865439865375e+00 6.999366569697963421e-04 2.940266321570577323e-04
2.879817026158352888e+00 5.688813440667764027e-04 2.914535290305000199e-04
2.881616186876840846e+00 5.196634787908745298e-04 2.892409898723619912e-04
2.883415347595328360e+00 8.243132468908826501e-04 2.876094774242126621e-04
2.885214506631204490e+00 5.884167367722419831e-04 2.861636498426372525e-04
2.887013653237631594e+00 8.968023144044418634e-04 2.848441644613738531e-04
2.888812797390378329e+00 6.762336355832607605e-04 2.839649005690044544e-04
2.890611929884966180e+00 6.903564609049263551e-04 2.831724986323700863e-04
2.892411062379554032e+00 4.325426470532695326e-04 2.824957408006522784e-04
2.894210194874141884e+00 7.728490437249491574e-04 2.811808952891583081e-04
2.896009323373352373e+00 7.807153759203649002e-04 2.796473488166205000e-04
2.897808441756322129e+00 7.126963561976967397e-04 2.778745446269940056e-04
2.899607560139292328e+00 2.775716530597051659e-04 2.763912394200402885e-04
2.901406678522262528e+00 1.066832938201883350e-04 2.751296724097009321e-04
2.903205791368636657e+00 3.854671644806313322e-04 2.741883639453991249e-04
2.905004895640210361e+00 3.297397960600865650e-04 2.731871520752959174e-04
2.906803968378163905e+00 5.928752378647286509e-04 2.720333567395122549e-04
2.908603002096075585e+00 6.076732578169439895e-04 2.708071007409547197e-04
2.910402090192308666e+00 6.896385313869744750e-04 2.695914733504649048e-04
2.912201232349171498e+00 5.267097956188725302e-04 2.685987361831663946e-04
2.914000337752343128e+00 4.751442617184998348e-04 2.678441231173499660e-04
2.915799413801787754e+00 3.913880624802288906e-04 2.673289280139806560e-04
2.917598481236141517e+00 1.811234966068711789e-04 2.668511927857951101e-04
2.919397543174853560e+00 4.373091558153333297e-04 2.663971458519012259e-04
2.921196605113566047e+00 7.967172343287142649e-04 2.659933287120156819e-04
2.922995667052278090e+00 2.574477798253732249e-04 2.656757714065649751e-04
2.924794718836572827e+00 6.328599146662994539e-04 2.654102272507476200e-04
2.926593766664773888e+00 3.887656171847352939e-04 2.651862621705908924e-04
2.928392803569213054e+00 8.617855760452439520e-04 2.649036514467761156e-04
2.930191837287124734e+00 3.140269370605130788e-04 2.645221935160273663e-04
2.931990871005036414e+00 4.436930387777862075e-04 2.639860889051150574e-04
2.933789904722947650e+00 1.254934748455507508e-04 2.633942578431581398e-04
2.935588925978716901e+00 1.073269329312782731e-04 2.627680893526584938e-04
2.937387945586559912e+00 5.187489229688977896e-04 2.622070286309617832e-04
2.939186951963407068e+00 3.318140197933532000e-04 2.617142442422430433e-04
2.940985957461403455e+00 1.126326213359888110e-03 2.612727750407945111e-04
2.942784962959399397e+00 1.090219633243168966e-03 2.608383995386913553e-04
2.944583967798590329e+00 8.618144355362716792e-04 2.603928845846607528e-04
2.946382959186960804e+00 2.493517333481149053e-04 2.599574178912701498e-04
2.948181949147942404e+00 4.993529026247579220e-04 2.595295260724562558e-04
2.949980926426908123e+00 1.867359505907863096e-04 2.590873432225444285e-04
2.951779903705874286e+00 9.014553381531823298e-04 2.586265886935022848e-04
2.953578880984840005e+00 3.757213378340387689e-04 2.581240766888746895e-04
2.955377855299706535e+00 6.904825448805810510e-04 2.576758946046055795e-04
2.957176818469489543e+00 5.723427832024245623e-04 2.572577747509855817e-04
2.958975766710854050e+00 4.923046021529502722e-04 2.568822510417304787e-04
2.960774673446117777e+00 3.660190374309510051e-04 2.565504391375381566e-04
2.962573610261957757e+00 5.589410368390571688e-04 2.562882531230724391e-04
2.964372611320698514e+00 7.765799332571965722e-05 2.559235210156667224e-04
2.966171587704434121e+00 6.404069005127383191e-04 2.555035391251840268e-04
2.967970522656514731e+00 9.208841309576967955e-04 2.549005793983388931e-04
2.969769457608595342e+00 3.471045828234462860e-04 2.543138785981327674e-04
2.971568392560676397e+00 4.850574966785746803e-04 2.537501767152752948e-04
2.973367313909819121e+00 5.849784866487435422e-04 2.533665792081389568e-04
2.975166220645082849e+00 3.690679583609060913e-04 2.530460863985081288e-04
2.976965127380346576e+00 6.667828066278063109e-04 2.527942894110540200e-04
2.978764034115610304e+00 1.209629990910757354e-03 2.525371568094382079e-04
2.980562940850874032e+00 -1.235443114052509322e-04 2.522734246568094610e-04
2.982361847586137760e+00 4.761140343194680325e-04 2.520168938677614734e-04
2.984160736115546442e+00 5.945551901043299309e-04 2.517660569448581728e-04
2.985959614634878356e+00 3.728710028520936578e-04 2.515346574412221032e-04
2.987758493154210271e+00 1.036022268931200817e-03 2.514193223107960128e-04
2.989557371673542185e+00 4.196200158349091191e-04 2.514250149514657374e-04
2.991356250192874100e+00 1.838254854973805615e-04 2.520028048760051230e-04
2.993155128712205570e+00 2.823209595636735490e-04 2.527680579424339486e-04
2.994953984425637650e+00 7.449807357978323981e-04 2.538432768963611616e-04
2.996752834729922821e+00 5.087494888407389018e-04 2.540931287851926827e-04
2.998551685034207992e+00 5.871689351345993129e-04 2.535303755305364296e-04
3.000350535338492719e+00 4.047115753676716740e-04 2.522710795129169594e-04
3.002149385642777890e+00 1.010339090500071918e-03 2.510267578626776755e-04
3.003948235947063061e+00 8.527463257513676499e-04 2.503858599175063379e-04
3.005747058848274644e+00 7.246836374673610703e-04 2.500604810041668095e-04
3.007545880938398142e+00 1.994139139228038736e-04 2.500398047072030223e-04
3.009344703028521639e+00 5.955709685378233120e-04 2.504407991549074453e-04
3.011143525118645137e+00 5.355291780087072500e-04 2.510905228659197062e-04
3.012942347208768634e+00 6.038618499635790360e-04 2.525601135600833011e-04
3.014741157946951411e+00 5.138192336417359441e-04 2.541076745858229639e-04
3.016539895399900306e+00 5.429099297643113879e-04 2.557162045371767626e-04
3.018338655928147318e+00 7.058898130529908362e-04 2.551697174010617020e-04
3.020137515910895409e+00 9.227672796897753646e-04 2.540426343892679016e-04
3.021936359861428834e+00 6.018434718827094659e-04 2.525229417502060088e-04
3.023735153738275727e+00 5.108805951445449887e-04 2.514674872043759198e-04
3.025533939242151860e+00 5.324118606586707375e-04 2.509578901349715399e-04
3.027332704906606775e+00 9.628881552753873431e-04 2.509403219250560635e-04
3.029131470571062135e+00 2.187305016548578328e-04 2.511127337211804421e-04
3.030930236235517494e+00 5.479085019843586484e-04 2.516930593778985304e-04
3.032728990467459251e+00 9.052381423959779795e-05 2.524952214599225447e-04
3.034527727920407703e+00 9.551091431986990935e-04 2.536243142368945175e-04
3.036326465373356154e+00 8.247260032943043006e-04 2.546274835241092065e-04
3.038125202826305049e+00 8.981836220115903355e-04 2.555395818008892521e-04
3.039923940279253500e+00 2.854076963175482718e-04 2.552412785214590611e-04
3.041722677732201952e+00 8.839337959632392709e-04 2.547455915375154917e-04
3.043521399166015051e+00 7.395464354371509598e-04 2.538918486171683024e-04
3.045320108408341664e+00 1.088291199987091035e-03 2.532741638043645507e-04
3.047118817650668277e+00 6.805197669160062673e-04 2.527897467638896118e-04
3.048917526892995333e+00 1.511444045193381398e-04 2.526243526247936352e-04
3.050716236135321946e+00 6.642466320231592411e-04 2.524495111955432202e-04
3.052514945377649003e+00 3.073235839603978038e-04 2.521984854969646522e-04
3.054313634017088219e+00 1.215104691492557062e-05 2.520328796367366756e-04
3.056112315049678063e+00 3.117636450230195917e-04 2.519339743161461836e-04
3.057910996082267907e+00 9.922617081874944654e-04 2.517837138593093365e-04
3.059709677114857751e+00 1.146753553269205328e-03 2.516028112568421612e-04
3.061508358147448039e+00 1.089457465385266404e-03 2.513124738535831167e-04
3.063307039180037883e+00 7.312853287818869450e-04 2.510495084469901192e-04
3.065105695028858435e+00 3.671622335545144116e-04 2.508194679496048452e-04
3.066904347852596135e+00 5.882167676198031374e-04 2.506625181522083344e-04
3.068703000676334280e+00 2.098176932183119098e-04 2.505295435264361928e-04
3.070501653417434085e+00 6.427554053150749680e-04 2.503988740513448481e-04
3.072300221619924443e+00 6.200954672325319390e-04 2.502793201161473556e-04
3.074098796560022162e+00 6.028369291702669183e-04 2.501804916693038693e-04
3.075897487280782716e+00 1.916538363913243797e-04 2.501168914380186596e-04
3.077696170795518160e+00 6.499987740116731612e-04 2.500745441740943268e-04
3.079494795411288788e+00 8.547122350179283887e-04 2.501646151738936359e-04
3.081293415426880955e+00 1.357080720941077978e-03 2.503142032834389263e-04
3.083092011835569135e+00 1.083482833279201044e-03 2.506346168654704468e-04
3.084890608244256871e+00 4.011540000981428768e-04 2.508719030934744099e-04
3.086689204652945051e+00 6.685173018212989477e-04 2.510208777533260425e-04
3.088487801061633231e+00 4.259387688477119503e-04 2.507137285334516750e-04
3.090286397470321411e+00 5.632420387473298200e-04 2.502750445038986657e-04
3.092084984705625761e+00 7.966812760163788452e-05 2.497656644888639893e-04
3.093883552908116119e+00 7.029303956931287015e-04 2.493456096489996780e-04
3.095682121110606477e+00 8.462813179577512168e-04 2.490874211500322156e-04
3.097480689313096835e+00 6.652170829471121347e-04 2.488924753839554687e-04
3.099279257515587194e+00 4.691769045428706951e-04 2.487351022359985666e-04
3.101077825718077552e+00 9.967586202513933642e-04 2.486711494017905858e-04
3.102876380176847082e+00 3.616386700582585080e-04 2.486173691149775374e-04
3.104674920174024244e+00 6.190901690370752275e-04 2.485625374647418436e-04
3.106473460171201850e+00 6.239389469585260133e-04 2.485226816845418122e-04
3.108272000168379012e+00 8.985772344094634240e-04 2.485009006221264869e-04
3.110070540165556174e+00 8.086700872936276700e-04 2.485246757340859496e-04
3.111869080162733336e+00 4.443711471559668195e-04 2.485656567409446835e-04
3.113667601848722377e+00 3.984513655852715526e-04 2.485960011385647365e-04
3.115466113641470969e+00 4.467149299666095443e-04 2.486033663281600448e-04
3.117264625434220005e+00 5.168121122598942629e-04 2.485491548238929452e-04
3.119063137226968596e+00 1.223097967365641397e-03 2.484602155115167165e-04
3.120861627665654670e+00 5.963536828151521718e-04 2.483419031021177328e-04
3.122660111254859316e+00 6.716525276360021772e-04 2.482588974485106415e-04
3.124458549096363669e+00 4.599127612268087847e-04 2.481896081607703379e-04
3.126256976281134303e+00 5.525354489878937878e-04 2.481806076546839751e-04
3.128055509427225100e+00 3.563774367271396477e-04 2.481889617440801430e-04
3.129854059120659393e+00 7.778313789129496147e-04 2.482326984397068719e-04
3.131652522165610630e+00 7.114902919109420939e-04 2.484007633260416643e-04
3.133450977552155958e+00 6.742554683121178326e-04 2.486579447540904989e-04
3.135249432938701286e+00 8.688623869804383386e-04 2.489957254281385769e-04
3.137047888325246614e+00 1.016479923493089112e-03 2.492952560606404282e-04
3.138846343711791942e+00 5.617780893130454312e-04 2.491405647780687302e-04
3.140644796828803820e+00 2.850694124364269613e-04 2.488823156038825666e-04
3.142443224013574010e+00 5.249690291238629566e-04 2.484474573630396951e-04
3.144241651198344645e+00 4.867411432630234678e-04 2.481731314752604447e-04
3.146040078383115279e+00 6.641374162941796576e-04 2.480036107536776166e-04
3.147838500260424333e+00 1.479404796178254537e-03 2.479783599217867001e-04
3.149636899244304455e+00 5.183448772464894355e-04 2.479917377648718497e-04
3.151435298228184578e+00 7.655266140998469174e-04 2.481148261333725570e-04
3.153233697212064701e+00 5.841476258047520161e-04 2.482541308466679176e-04
3.155032096195944824e+00 4.365652304021370718e-04 2.484202002908529236e-04
3.156830495179824947e+00 7.731529655806404413e-04 2.485359197980766032e-04
3.158628884302136619e+00 8.979284478246457330e-04 2.486166871222259315e-04
3.160427255086010856e+00 2.535147260985230896e-04 2.485040985328849537e-04
3.162225625869884649e+00 4.093054839464409711e-04 2.483585715189284924e-04
3.164023996653758886e+00 7.981379523555974650e-04 2.482365380754912132e-04
3.165822367437632678e+00 3.714649154756476611e-04 2.481522536669657068e-04
3.167620738221506915e+00 3.495267792449063002e-04 2.481426286589027909e-04
3.169419094592572872e+00 6.389396433987993423e-04 2.481974857841599369e-04
3.171217437177325404e+00 2.172187124236480489e-04 2.483014556229658221e-04
3.173015779762077937e+00 5.785161188793374199e-04 2.485224001298767587e-04
3.174814122346830469e+00 1.058224025357647376e-03 2.487651181687972513e-04
3.176612447486677038e+00 2.142684408701127580e-04 2.488730199355113993e-04
3.178410761873192047e+00 9.614250352194002227e-04 2.489080975154270986e-04
3.180209038340851002e+00 7.697945233765342461e-04 2.487596274435021921e-04
3.182007296333544399e+00 1.115925726484443166e-03 2.485757793684271739e-04
3.183805622794770418e+00 7.025858943500467484e-04 2.483604406730660044e-04
3.185603975087096806e+00 9.059121407594582709e-04 2.482594284113902078e-04
3.187402275837191379e+00 9.267039824853886935e-04 2.482003229912988699e-04
3.189200562026353492e+00 7.750125357757651698e-04 2.482661772190272384e-04
3.190998848215515604e+00 5.435827014953838361e-04 2.483398433393170903e-04
3.192797134404677717e+00 3.817659656738326746e-04 2.484242360372983412e-04
3.194595395579455488e+00 8.863697412788275158e-04 2.484802829804918828e-04
3.196393653572148885e+00 6.016885749964620816e-04 2.484970191638686556e-04
3.198191911564841838e+00 5.219561263303809043e-04 2.484840006930767145e-04
3.199990169557535236e+00 7.343492486374606897e-04 2.484549001266244447e-04
3.201788427550228633e+00 7.053473463095508546e-04 2.484775160030971161e-04
3.203586684184254185e+00 7.020735288681684413e-04 2.485195864187228769e-04
3.205384913981362605e+00 9.804008882450530090e-04 2.486734141429335792e-04
3.207183143778471468e+00 4.416358955873640442e-04 2.488467055855415953e-04
3.208981373575580331e+00 6.233048427862150371e-04 2.490619671514486284e-04
3.210779603372688751e+00 7.204622034896689640e-04 2.492223074089788132e-04
3.212577833169797614e+00 1.018833629030496983e-03 2.493308718861751011e-04
3.214376057070352122e+00 9.500602958078794603e-04 2.494639333430074884e-04
3.216174258672760633e+00 1.044337955366406645e-03 2.496104332669539343e-04
3.217972460275169144e+00 9.005108997621720859e-04 2.502667883005760935e-04
3.219770661877577211e+00 5.861666063903052089e-04 2.510342168096417687e-04
3.221568854560146189e+00 7.142628333935026590e-04 2.521842565010987049e-04
3.223367027968738530e+00 3.357863622937298201e-04 2.528229779053756945e-04
3.225165201377330426e+00 4.018656919962713763e-04 2.525425801081354876e-04
3.226963374785922323e+00 7.346527786096829389e-04 2.518715130525753330e-04
3.228761548194514219e+00 8.462484425021501219e-04 2.509210955198253176e-04
3.230559721603106560e+00 9.367837769574571989e-04 2.504087546269506952e-04
3.232357854656839447e+00 9.286857013440342297e-04 2.500299417290814631e-04
3.234155943489287033e+00 3.933437952241930187e-04 2.500305489931811459e-04
3.235954097317458533e+00 9.011120403657821428e-04 2.500582367463483795e-04
3.237752308635521103e+00 1.232725886704732262e-03 2.501555726130899257e-04
3.239550464872709590e+00 5.710936655632579918e-04 2.502528139799665616e-04
3.241348581896321246e+00 5.659814969389128855e-04 2.503487972587732776e-04
3.243146698919932902e+00 1.083713862316449837e-03 2.504231143974130895e-04
3.244944815943544558e+00 6.444283970680141603e-04 2.504814537985778061e-04
3.246742932967156214e+00 7.305020078753509316e-04 2.505386551011464175e-04
3.248541049990767871e+00 9.569075768615428051e-04 2.505961368621080834e-04
3.250339146019843195e+00 9.242517026619331529e-04 2.507275396381603971e-04
3.252137234852290337e+00 6.836767236939181921e-04 2.508715876544143379e-04
3.253935323684737924e+00 9.250273291406500972e-04 2.510635314558470953e-04
3.255733412517185510e+00 7.323940840984799515e-04 2.512548074542243770e-04
3.257531477339546289e+00 6.094467580294870863e-04 2.514438865061134295e-04
3.259329537981713543e+00 2.651429288481475972e-04 2.516387496619004196e-04
3.261127598623880797e+00 3.766137013088112430e-04 2.518387262412615153e-04
3.262925659266048051e+00 5.312729440340831699e-04 2.520456491567900663e-04
3.264723719908215305e+00 6.759471411044498321e-04 2.522554546427268436e-04
3.266521780208854864e+00 8.094857648463873751e-04 2.524562792400313494e-04
3.268319812661625523e+00 5.924059617895950734e-04 2.526543545920682159e-04
3.270117845114396626e+00 7.053576097218789863e-04 2.528332723729906405e-04
3.271915877567167730e+00 8.092534689136457720e-04 2.530144492975288967e-04
3.273713906665843165e+00 8.304110813757037846e-04 2.532012855558874657e-04
3.275511910930101855e+00 8.745805034356133115e-04 2.533972207162075042e-04
3.277309915194360102e+00 1.078245717897483892e-03 2.536040458127949027e-04
3.279107919458618792e+00 4.444849887009160415e-04 2.538241055931955790e-04
3.280905923722877482e+00 2.957487776130252152e-04 2.540523836565248975e-04
3.282703927987136172e+00 9.293431798127751390e-04 2.543183442693690483e-04
3.284501924381258764e+00 9.569084475338919104e-04 2.545950189017865870e-04
3.286299900457888779e+00 8.730230877248821610e-04 2.549853390852420887e-04
3.288097857786085765e+00 9.406576813425885936e-04 2.554327161410435373e-04
3.289895777490110085e+00 4.300908820189910443e-04 2.561580675503098920e-04
3.291693733579070802e+00 8.124298721621132924e-04 2.570024995651080208e-04
3.293491747570291839e+00 1.218636508774898885e-03 2.580828691351066311e-04
3.295289732531229809e+00 9.390018773572356538e-04 2.590312232481106519e-04
3.297087680421114886e+00 7.622489587869524848e-04 2.598316794837524394e-04
3.298885628311000406e+00 1.155514962560968712e-03 2.598062661951942636e-04
3.300683576200885483e+00 1.310930516554632917e-03 2.593511924806042677e-04
3.302481508705013447e+00 9.985843962784096695e-04 2.585096357862904509e-04
3.304279428409037767e+00 9.190945963894963473e-04 2.575975744996278631e-04
3.306077348113062087e+00 1.019813025050724789e-03 2.572056824208916476e-04
3.307875267817085962e+00 8.750426496776318166e-04 2.568774296169627465e-04
3.309673169130515902e+00 8.562420020200702062e-04 2.568342371428087548e-04
3.311471060649562759e+00 8.782356577380743970e-04 2.568201044646634796e-04
3.313268952168609616e+00 1.121531199387300120e-03 2.568649539968350195e-04
3.315066843687656473e+00 4.535998848994026735e-04 2.569278536295931743e-04
3.316864713813180376e+00 8.701825629164217524e-04 2.570109263677027695e-04
3.318662577148133508e+00 1.133728998655667572e-03 2.571122111132039456e-04
3.320460440483086639e+00 7.423972639931531847e-04 2.572249653419950502e-04
3.322258303818039771e+00 5.793127574117591921e-04 2.573899009501994396e-04
3.324056167152992902e+00 1.011371420728365183e-03 2.575707013490609559e-04
3.325854030487946478e+00 8.203246796436476640e-04 2.577858632201258720e-04
3.327651867927511109e+00 8.226894397862779618e-04 2.579947669493514091e-04
3.329449703079254252e+00 4.493573026636739094e-04 2.581013989891835984e-04
3.331247538230997396e+00 1.141262783435322567e-03 2.581759063886632081e-04
3.333045372670613737e+00 5.900487527229197199e-04 2.581466981568935758e-04
3.334843179640030630e+00 4.981671742137463912e-04 2.581550594315492383e-04
3.336640986609447523e+00 7.006740445686856361e-04 2.582269257493408098e-04
3.338438793578863972e+00 3.613764976208679643e-04 2.582882335120054314e-04
3.340236600548280865e+00 1.494049663718268611e-04 2.583389470150678651e-04
3.342034407517697314e+00 1.382593807171961968e-03 2.583518828504316836e-04
3.343832198860010152e+00 4.131816332899708520e-04 2.583455406895507431e-04
3.345629921287748498e+00 8.960424415336531697e-04 2.583730806715572176e-04
3.347427672854455860e+00 5.328110451067074368e-04 2.584097278864796315e-04
3.349225517742850045e+00 1.221355612794034623e-03 2.585061458580256168e-04
3.351023335191128716e+00 5.586927341882494315e-04 2.586102204360376340e-04
3.352821085798543432e+00 9.422797054227612969e-04 2.587501865617902958e-04
3.354618836405957705e+00 1.397186741971496310e-03 2.588914080371258145e-04
3.356416587013371977e+00 8.106544097166971550e-04 2.590355382353970773e-04
3.358214326424765694e+00 8.133989866588829665e-04 2.591978896638987223e-04
3.360012048852504041e+00 8.721174760647235026e-04 2.593944304602137287e-04
3.361809771280242831e+00 8.946562872542809840e-04 2.596141229734712751e-04
3.363607493707981178e+00 1.069097977678893979e-03 2.598586276844841057e-04
3.365405216135719524e+00 1.234027255580368672e-03 2.600616516229176415e-04
3.367202938563457870e+00 7.728162218290358888e-04 2.602371958177516304e-04
3.369000645306595487e+00 1.004942362589140775e-03 2.603731040130139633e-04
3.370798339555541645e+00 9.348839725450741643e-04 2.604949078870309113e-04
3.372596033804487359e+00 2.797672229966120545e-04 2.606607095901378028e-04
3.374393728053433072e+00 1.104706923474630103e-03 2.608338683405613217e-04
3.376191403627462950e+00 1.253603450408817283e-03 2.609504469273263381e-04
3.377989069698499769e+00 1.245098896500565228e-03 2.610654359372751514e-04
3.379786735769536143e+00 7.711804867761238571e-04 2.611772013950288784e-04
3.381584401840572962e+00 4.867723271767229504e-04 2.612982140650193770e-04
3.383382067911609781e+00 6.549647166540095320e-04 2.614500295688148841e-04
3.385179733982646599e+00 7.650718386942775276e-04 2.616102087582321744e-04
3.386977376895861980e+00 7.682393778522914355e-04 2.617854295088204927e-04
3.388775014789872753e+00 1.303668701647522432e-03 2.619519952963913242e-04
3.390572652683883970e+00 4.241771637714409357e-04 2.621082229291873088e-04
3.392370290577894743e+00 6.966698457864014399e-04 2.622490643493682167e-04
3.394167902327630326e+00 7.103688276265331288e-04 2.623786775140274797e-04
3.395965512045498347e+00 6.059345470942705241e-04 2.625296661666701734e-04
3.397763066491954920e+00 7.940705956532032126e-04 2.626907181702646792e-04
3.399560623045033481e+00 1.056365866481816067e-03 2.628563945559325818e-04
3.401358270686993812e+00 8.337823332969724124e-04 2.630238011913533657e-04
3.403155912600128286e+00 9.106012811352037989e-04 2.632222222479831141e-04
3.404953494142737735e+00 8.886951285015330920e-04 2.634255531852034479e-04
3.406751075685346741e+00 1.026845301718864057e-03 2.636828249811303936e-04
3.408548657227955747e+00 9.721002914718341291e-04 2.640106064377625438e-04
3.410346233345140199e+00 8.378303449410381010e-04 2.648312524765411243e-04
3.412143786713373039e+00 1.262702697503169684e-03 2.658031206996510146e-04
3.413941340081605880e+00 1.037433237494212379e-03 2.672673545089639742e-04
3.415738893449839164e+00 7.483134140803652818e-04 2.682451037187373382e-04
3.417536446818072005e+00 1.115586779460611732e-03 2.681611913642425907e-04
3.419334000186304845e+00 8.813196898969659267e-04 2.676361098929318011e-04
3.421131533759117715e+00 5.754224580996152288e-04 2.665334809159057355e-04
3.422929030781247661e+00 1.357473359414130068e-03 2.658052298673673083e-04
3.424726527803378051e+00 1.028449241742240231e-03 2.654220652486696070e-04
3.426524024825508441e+00 7.871069672224671396e-04 2.652851585131161313e-04
3.428321521847638831e+00 1.065966333044544856e-03 2.653018290094901919e-04
3.430119018869768777e+00 6.676297038115656555e-04 2.653584809514665218e-04
3.431916515891899166e+00 1.102307624990712031e-03 2.654334934505210358e-04
3.433714012914029556e+00 8.760597967645601409e-04 2.657665947107922932e-04
3.435511509936159946e+00 6.278091857623495191e-04 2.661689450863951602e-04
3.437309006958289892e+00 9.074116909352080308e-04 2.667010125032067422e-04
3.439106469295901025e+00 1.115372626516310944e-03 2.672466452412929137e-04
3.440903909975460806e+00 6.937481363857528425e-04 2.669554822827937060e-04
3.442701350655020587e+00 9.792419957650002390e-04 2.666290113928296572e-04
3.444498791334580812e+00 5.911090192366558150e-04 2.661723388521478506e-04
3.446296232014140593e+00 1.082482751583306287e-03 2.657929206956115937e-04
3.448093672693700373e+00 5.505432577697670291e-04 2.658406578702308823e-04
3.449891113373260598e+00 1.167103443000295148e-03 2.659623001515162301e-04
3.451688554052820379e+00 1.085333725662617843e-03 2.663179668908533166e-04
3.453485901575068961e+00 7.172067055327314847e-04 2.666127989930417602e-04
3.455283229580083937e+00 5.444811098922791755e-04 2.667655676110544292e-04
3.457080665260174879e+00 8.971363887856993648e-04 2.668486775872860612e-04
3.458878115698977851e+00 1.120232661726125803e-03 2.668235483687309202e-04
3.460675504525661861e+00 1.016795597061477758e-03 2.668630541926829435e-04
3.462472888866183318e+00 9.041883746713567623e-04 2.669796270907739272e-04
3.464270273206705220e+00 1.025582504068648509e-03 2.671996972839140675e-04
3.466067657547226677e+00 1.378990080987647655e-03 2.675082894235912274e-04
3.467865041887748134e+00 6.452288861702297224e-04 2.676187108334322751e-04
3.469662421139369179e+00 7.390272148983668531e-04 2.675988832091213661e-04
3.471459749144383711e+00 1.235768095722823701e-03 2.674905576585033073e-04
3.473257077149398686e+00 5.518765868326663089e-04 2.673420951822028883e-04
3.475054405154413661e+00 1.416459132925466761e-03 2.674120510205560733e-04
3.476851733159428637e+00 8.885295651253518863e-04 2.675593379706040897e-04
3.478649061164443612e+00 6.498800285045818652e-04 2.678906097680842902e-04
3.480446389169458143e+00 1.161358231507294810e-03 2.682649015190306969e-04
3.482243717174473119e+00 9.071927409668974554e-04 2.683882436806162594e-04
3.484041028222133463e+00 6.460326501381045364e-04 2.684729109782145896e-04
3.485838299895172909e+00 3.070438524815945463e-04 2.683588591839223669e-04
3.487635571568212356e+00 1.224819128585703104e-03 2.682315727979094327e-04
3.489432843241251803e+00 1.031129358777967825e-03 2.682137115402796605e-04
3.491230114914291249e+00 1.035661104243315155e-03 2.682175835752860873e-04
3.493027386587331140e+00 9.197698458845582218e-04 2.685204909852900333e-04
3.494824658260370587e+00 1.004552151916462185e-03 2.688561842679208975e-04
3.496621929933410033e+00 6.402332745098103170e-04 2.694074381643354801e-04
3.498419201606449480e+00 3.851883529731460042e-04 2.699139731109834379e-04
3.500216473279489371e+00 6.694003671358706494e-04 2.701868976259476970e-04
3.502013713178390386e+00 8.535494517265320444e-04 2.703482099248615727e-04
3.503810928522985702e+00 8.872392818265521742e-04 2.701335182240511656e-04
3.505608143867581017e+00 9.758785601958903369e-04 2.699533892872923654e-04
3.507405359212176332e+00 8.908802622096998435e-04 2.698704896588035381e-04
3.509202536864733268e+00 9.557698175752366541e-04 2.698668063119016945e-04
3.510999695884414962e+00 1.760430870144444240e-03 2.700271496748090543e-04
3.512796943253766457e+00 1.071938163348552494e-03 2.702824175248725843e-04
3.514594224695724911e+00 1.018850349276695204e-03 2.706980085462447555e-04
3.516391411362038699e+00 6.833482008841129099e-04 2.711642940561959049e-04
3.518188570381720393e+00 7.503720947741196684e-04 2.716992318993916998e-04
3.519985729401401642e+00 8.438662713887481450e-04 2.720767792749065957e-04
3.521782888421083335e+00 1.247184933074655657e-03 2.722631833724163371e-04
3.523580047440765028e+00 8.215498809158727767e-04 2.723387700731379137e-04
3.525377206460446722e+00 1.008573449223953630e-03 2.723032645456318181e-04
3.527174365480127971e+00 1.519219545533490815e-03 2.722366829656474425e-04
3.528971524499809664e+00 1.171166556162095721e-03 2.721441175652472935e-04
3.530768628091879968e+00 1.314079293245918332e-03 2.720778444869723935e-04
3.532565730790178105e+00 1.345748315355531962e-03 2.720328080493514570e-04
3.534362833488476685e+00 8.523850919435870671e-04 2.721665501082693307e-04
3.536159936186774821e+00 7.528666928785627231e-04 2.724176154186648720e-04
3.537957038885072958e+00 1.563812991998423003e-03 2.727612962427446901e-04
3.539754141583371538e+00 1.148147194820795533e-03 2.731578716491980243e-04
3.541551244281669675e+00 8.105131300139965409e-04 2.735370310082684019e-04
3.543348346979967811e+00 7.549025140014790783e-04 2.739072610140749829e-04
3.545145449678266392e+00 8.608601693951046813e-04 2.741736558333452648e-04
3.546942538506780540e+00 7.036647539901886477e-04 2.743929525243299578e-04
3.548739584887225629e+00 7.807100378604198750e-04 2.743444781675604392e-04
3.550536631267670717e+00 1.148621233471049628e-03 2.741941294129960640e-04
3.552333677648115806e+00 9.599076155566880564e-04 2.740230958290342986e-04
3.554130724028560895e+00 9.261935354033532311e-04 2.738470116198760910e-04
3.555927770409005539e+00 7.463203499170148209e-04 2.738521354440636726e-04
3.557724816789450628e+00 9.449322018467591405e-04 2.739121232102186281e-04
3.559521863169895717e+00 1.146772079925712428e-03 2.741236428454344137e-04
3.561318858221498296e+00 1.083174054167813580e-03 2.743767459906393280e-04
3.563115791976825264e+00 1.392422942827725761e-03 2.747978050526597000e-04
3.564912787914336079e+00 8.909950993527435918e-04 2.752611884027386202e-04
3.566709844076594749e+00 9.067755823787730998e-04 2.758836993940257543e-04
3.568506863209040869e+00 1.500019947181135613e-03 2.765425268231758594e-04
3.570303853275162531e+00 1.763544828501925187e-03 2.771027353601585529e-04
3.572100843341283749e+00 1.340230495539004342e-03 2.776428868785071934e-04
3.573897833407405411e+00 1.434420610319430463e-03 2.776804733853065242e-04
3.575694786034959716e+00 8.104663244716397985e-04 2.776313587154696262e-04
3.577491719790286684e+00 8.124031635671714793e-04 2.774142716576440495e-04
3.579288653545614096e+00 1.519167919055682339e-03 2.771724699293780800e-04
3.581085587300941064e+00 8.876112316714025036e-04 2.769959761015457146e-04
3.582882521056268033e+00 1.626565292352517150e-03 2.768302249464717050e-04
3.584679454811595445e+00 1.218365710965504901e-03 2.768087514374003373e-04
3.586476388566922413e+00 7.543486397568713482e-04 2.768075234318918593e-04
3.588273322322249825e+00 8.641832817853140796e-04 2.769348505586881532e-04
3.590070256077576794e+00 1.120352991897626341e-03 2.770792845880126688e-04
3.591867189832903762e+00 9.404184814602771850e-04 2.772816140126916468e-04
3.593664071442836949e+00 7.940242317792812598e-04 2.774922077765771991e-04
3.595460948890898845e+00 1.614625570187367114e-03 2.777873405478440902e-04
3.597257826338961184e+00 1.138684516823674185e-03 2.780960963161390126e-04
3.599054703787023080e+00 1.176776923586620631e-03 2.787052065172966131e-04
3.600851581235084975e+00 9.151909689705237973e-04 2.793581710318802859e-04
3.602648458683146870e+00 1.278066415737536422e-03 2.803272530006473162e-04
3.604445336131208766e+00 1.562085682422895919e-03 2.813406506149983863e-04
3.606242205988025695e+00 5.689864538938176628e-04 2.815959236498240953e-04
3.608039027132351251e+00 1.227263943345651732e-03 2.817442658236948209e-04
3.609835848276676362e+00 1.231967260876223880e-03 2.813082597011348079e-04
3.611632669421001918e+00 1.262521328497900495e-03 2.807927763084135803e-04
3.613429490565327473e+00 9.717307801593926767e-04 2.804748312011586951e-04
3.615226311709652585e+00 1.241258363539912007e-03 2.801906955969336627e-04
3.617023116459428866e+00 1.337050099388208384e-03 2.802343447758389285e-04
3.618819881303545927e+00 1.345611340997436914e-03 2.803353343646758583e-04
3.620616668835515917e+00 1.392096835248559771e-03 2.806424315156694433e-04
3.622413499774543411e+00 8.771404769880295806e-04 2.809892662085959007e-04
3.624210304588653564e+00 1.373824368345981806e-03 2.813144871309136339e-04
3.626007069432771068e+00 1.348526018988135131e-03 2.816344484170055207e-04
3.627803834276888129e+00 1.660398365589627577e-03 2.817722675785986133e-04
3.629600599121005189e+00 9.272427708461412552e-04 2.818678055760009699e-04
3.631397363965122693e+00 9.189219642427413773e-04 2.820336812793682079e-04
3.633194128809239754e+00 6.518720185025804990e-04 2.822198222309630061e-04
3.634990862608403983e+00 9.245416811602059004e-04 2.825609425975897219e-04
3.636787571155841281e+00 1.140351331018004842e-03 2.829527563651049855e-04
3.638584279703278135e+00 1.008487321923318266e-03 2.837411131468393433e-04
3.640380988250714989e+00 1.425794388273385858e-03 2.846725511421547834e-04
3.642177696798152287e+00 5.649928853088896207e-04 2.857820858881332440e-04
3.643974405345589140e+00 1.760631584885504961e-03 2.869620919656859157e-04
3.645771113893026438e+00 1.272037533022976619e-03 2.871122525113907692e-04
3.647567822440463292e+00 1.158294306153254691e-03 2.868039944232266230e-04
3.649364488235477655e+00 1.311169280408165704e-03 2.861878215628251790e-04
3.651161140489762147e+00 9.029695755191256227e-04 2.854265347698815630e-04
3.652957792744046639e+00 1.111516171182836679e-03 2.850530082122927807e-04
3.654754444998331131e+00 9.982151312751257489e-04 2.849030133547474086e-04
3.656551097252615623e+00 1.038981983000966018e-03 2.849901426939751735e-04
3.658347749506900115e+00 1.044457819655115203e-03 2.852326386010637488e-04
3.660144401761184607e+00 1.300764085056335282e-03 2.853560564995825835e-04
3.661941054015469099e+00 9.917779233354435866e-04 2.853867808714660075e-04
3.663737706269754035e+00 1.086257003429785947e-03 2.853777369821531087e-04
3.665534357445245472e+00 1.664900702714674184e-03 2.853346432180856084e-04
3.667330953409905003e+00 1.362355442942344468e-03 2.853715114584483227e-04
3.669127545375722832e+00 1.757553737124695941e-03 2.854922600470272435e-04
3.670924085054284358e+00 1.115835769912298329e-03 2.856626071487798776e-04
3.672720639768924489e+00 6.539388575434180702e-04 2.858931577759144123e-04
3.674517301827572968e+00 9.206790547958434122e-04 2.861209240197889656e-04
3.676313952340750646e+00 1.376354740573501600e-03 2.863436834024617292e-04
3.678110548305409733e+00 1.639403539310370665e-03 2.865722372949385476e-04
3.679907131517750063e+00 1.190350315673881741e-03 2.868112562942324076e-04
3.681703671196311589e+00 1.253085895399880245e-03 2.871070851222581877e-04
3.683500210874873115e+00 7.588443049682963310e-04 2.875277255524381578e-04
3.685296750553434197e+00 9.422895148619647113e-04 2.880292499345745317e-04
3.687093290231995724e+00 1.593388812249488425e-03 2.887520958580438632e-04
3.688889829910556806e+00 1.501238176385690133e-03 2.894774988289729807e-04
3.690686369589118332e+00 4.271808526436449106e-04 2.901911562814249489e-04
3.692482909267679858e+00 9.205507477300825091e-04 2.908783894044962809e-04
3.694279424528728928e+00 1.474334423420986962e-03 2.914030501231305555e-04
3.696075907924718962e+00 9.902642006778777754e-04 2.918820057302092571e-04
3.697872391320708996e+00 7.138574952321682411e-04 2.919568705986108972e-04
3.699668874716699030e+00 1.194095289637800775e-03 2.919960212204974603e-04
3.701465358112689064e+00 1.142619397065210455e-03 2.913763077917839593e-04
3.703261841508679098e+00 1.164663207379063167e-03 2.907569078663896291e-04
3.705058324904668687e+00 1.148643056060718540e-03 2.903158947689239125e-04
3.706854808300658721e+00 9.424625281214342020e-04 2.898850255882250951e-04
3.708651255629145549e+00 7.359883029860276801e-04 2.898610016566523901e-04
3.710447682746090603e+00 1.329130283885410170e-03 2.898781008638455742e-04
3.712244109863035657e+00 9.941488892602429531e-04 2.900640671269901437e-04
3.714040536979980711e+00 1.135857793281697808e-03 2.902814567914351702e-04
3.715836964096925321e+00 1.040305852039453364e-03 2.905673587885392278e-04
3.717633391213870375e+00 1.232981433443932186e-03 2.908731368348089238e-04
3.719429818330815429e+00 1.244814902997540360e-03 2.911833786179180848e-04
3.721226245447760483e+00 8.171496182522346510e-04 2.914964036312028719e-04
3.723022624862410090e+00 1.138414402370593144e-03 2.918682595413228729e-04
3.724818995703835789e+00 1.613285710852637063e-03 2.922780628341326275e-04
3.726615315940308815e+00 1.254035643007197316e-03 2.932691296540236559e-04
3.728411630509741670e+00 1.442252342676729427e-03 2.947176259878413196e-04
3.730208061431742994e+00 1.118141776647760873e-03 2.972000004878793365e-04
3.732004498204569032e+00 1.469726807239235284e-03 3.007958777326630502e-04
3.733800869045994730e+00 7.384657229315752785e-04 3.042219761007755379e-04
3.735597236844391933e+00 9.751168368239151139e-04 3.073190026842466675e-04
3.737393551413824788e+00 9.481085621677416350e-04 3.092827608901996673e-04
3.739189865983257199e+00 1.865843312692792508e-03 3.089443012410414044e-04
3.740986180552690055e+00 1.171221452556344897e-03 3.078908632221131017e-04
3.742782495122122910e+00 1.583163092183458845e-03 3.049534312400559860e-04
3.744578809691555321e+00 9.912625418460724834e-04 3.024984823721973103e-04
3.746375124260988176e+00 6.553338990859505688e-04 3.019366798452621076e-04
3.748171438830421032e+00 9.208838346181425546e-04 3.014264313121656539e-04
3.749967738748896107e+00 9.684433749499188077e-04 3.012321518390543153e-04
3.751763997049860855e+00 1.306255468025192259e-03 3.010282037985044989e-04
3.753560255350825603e+00 1.277303329620330628e-03 2.998186122166521380e-04
3.755356513651790795e+00 1.769923720735861686e-03 2.986187192598531806e-04
3.757152771952755543e+00 1.138210303039310619e-03 2.978174054174020403e-04
3.758949030253720291e+00 1.012827595641964786e-03 2.970642659089982578e-04
3.760745288554685040e+00 1.567735041341435922e-03 2.967313130343554920e-04
3.762541546855649788e+00 1.226781774201990416e-03 2.964928918520551857e-04
3.764337778912919763e+00 1.123342660535899679e-03 2.964339090304497358e-04
3.766133980948942028e+00 1.168942054416911586e-03 2.964430779680989037e-04
3.767930182984963849e+00 1.646358376378727123e-03 2.965476058770993915e-04
3.769726385020985671e+00 9.537943615420423939e-04 2.967079810274152315e-04
3.771522587057007492e+00 1.204585202652725751e-03 2.968922372263231016e-04
3.773318789093029313e+00 1.447848214257183887e-03 2.970971498839969967e-04
3.775114991129051578e+00 1.756864874921753444e-03 2.973130332491031821e-04
3.776911193165073399e+00 1.592219778462328639e-03 2.975428286420867289e-04
3.778707357379851306e+00 1.177991150186014861e-03 2.977675922918955392e-04
3.780503503154455380e+00 1.032116017098772725e-03 2.979816395585765682e-04
3.782299608219001019e+00 1.280644322747959921e-03 2.981966467026765742e-04
3.784095697735711195e+00 1.160183653530721254e-03 2.984142666959528037e-04
3.785891882068742831e+00 1.504136886418306262e-03 2.986757930071949401e-04
3.787688093934874711e+00 1.114060696030570253e-03 2.992373630594937590e-04
3.789484251189977115e+00 1.582351935970138703e-03 2.998152913264353486e-04
3.791280396964580746e+00 1.264990980622685609e-03 3.009336207921662894e-04
3.793076493362444346e+00 1.114641455244913797e-03 3.020644127975692390e-04
3.794872582879154521e+00 1.192954696548974075e-03 3.026586488390969540e-04
3.796668672395864252e+00 9.535769732359567017e-04 3.031849238887523025e-04
3.798464761912574428e+00 1.615564209538109626e-03 3.027810779105902651e-04
3.800260851429284603e+00 1.435726826361859382e-03 3.021266216632501750e-04
3.802056939164010885e+00 7.821671434735372576e-04 3.016997413758303547e-04
3.803852972426351009e+00 1.463776453062549682e-03 3.013872163252442503e-04
3.805649005688691577e+00 1.495640357840942328e-03 3.013761018876772325e-04
3.807445038951031702e+00 1.383536029973721953e-03 3.016069461884202021e-04
3.809241072213371826e+00 1.459363973814705503e-03 3.020442265662487912e-04
3.811037105475712394e+00 9.610374779528674770e-04 3.027477807043016823e-04
3.812833138738052519e+00 6.232738844189142239e-04 3.035540812183372189e-04
3.814629172000392643e+00 1.434444719599336929e-03 3.045732896301348025e-04
3.816425191945043149e+00 1.106177105527791872e-03 3.054924473085575800e-04
3.818221168956537515e+00 1.850384355299280938e-03 3.059587266358631337e-04
3.820017145968031436e+00 1.447343719923961181e-03 3.063617913522155307e-04
3.821813122979525801e+00 1.419772472412439163e-03 3.059764999649032579e-04
3.823609099991020166e+00 2.031079922887109920e-03 3.055846125650866748e-04
3.825405077002514531e+00 1.466020434325081712e-03 3.049405721067790695e-04
3.827201054014008452e+00 1.515008737052806354e-03 3.042846964037971397e-04
3.828997031025502817e+00 1.218667890774218811e-03 3.039889221801928758e-04
3.830792983198778145e+00 1.574801494087274155e-03 3.037827469071807435e-04
3.832588903962949711e+00 1.180033832625301425e-03 3.037682850149709844e-04
3.834384797013730584e+00 1.133401717840525113e-03 3.038469886912953150e-04
3.836180661534102754e+00 1.546640267944253324e-03 3.039691758178126365e-04
3.837976592582599267e+00 9.236602906561244700e-04 3.041280526501678348e-04
3.839772579437066735e+00 1.505217493601587221e-03 3.043061386207674898e-04
3.841568526973778042e+00 1.076776883559244641e-03 3.045119938239220143e-04
3.843364447737949607e+00 1.428874803728286515e-03 3.047282646059776864e-04
3.845160332165413752e+00 8.774714850483536976e-04 3.049716353078854190e-04
3.846956196685785923e+00 1.731700075127966861e-03 3.052184473007432154e-04
3.848752061206157649e+00 9.197345808737650633e-04 3.054833993808464846e-04
3.850547925726529819e+00 1.210236180797628555e-03 3.057495053214688216e-04
3.852343790246901989e+00 1.206508378247907621e-03 3.060600579501202142e-04
3.854139654767274159e+00 1.231373064912158997e-03 3.063732779109125197e-04
3.855935519287645885e+00 1.548361631233421487e-03 3.067674601603332307e-04
3.857731383808018055e+00 1.043282373765428957e-03 3.071797403744135047e-04
3.859527200501499333e+00 1.202481191004433876e-03 3.076285108117237602e-04
3.861323008781594623e+00 8.745584767109030634e-04 3.080935403689295132e-04
3.863118817061689914e+00 1.026501054820348324e-03 3.083433906329133712e-04
3.864914625341785204e+00 1.231291996040998187e-03 3.084074154406698381e-04
3.866710433621880050e+00 2.053555809538548053e-03 3.084197465484378041e-04
3.868506241901975340e+00 1.510856387106545478e-03 3.083537693182395183e-04
3.870302050182070630e+00 1.180877589684533290e-03 3.083427176042810884e-04
3.872097855397015564e+00 1.892706236592243485e-03 3.085094435747834547e-04
3.873893607440356490e+00 1.145706851698758636e-03 3.086926033540463086e-04
3.875689359483696972e+00 1.293117932305918325e-03 3.090367530275870095e-04
3.877485111527037898e+00 8.892756618044275838e-04 3.093829515964422426e-04
3.879280863570378379e+00 1.747325959916590319e-03 3.096895793266681626e-04
3.881076615613719305e+00 1.585395558541469012e-03 3.099941732395681041e-04
3.882872355994430258e+00 1.147118659707371119e-03 3.104203708662136608e-04
3.884668051804538891e+00 1.614472597405058841e-03 3.108880322730354223e-04
3.886463747614647080e+00 1.768662752339007337e-03 3.114084438820877675e-04
3.888259443424755268e+00 1.379236071167189376e-03 3.119640486706900607e-04
3.890055121848406738e+00 1.435929863079449774e-03 3.122813792045992269e-04
3.891850761428804262e+00 7.816145053123441881e-04 3.122835196614255496e-04
3.893646445049633975e+00 1.502529791814568617e-03 3.123278543492480786e-04
3.895442206948804387e+00 1.094673178973330297e-03 3.124944250172757886e-04
3.897237918588576377e+00 1.001474928216159778e-03 3.127203796280602710e-04
3.899033558168974345e+00 1.787314332643272002e-03 3.134617717198573557e-04
3.900829197749371868e+00 2.014198423078651570e-03 3.142141037861570204e-04
3.902624837329769392e+00 7.236376421199243545e-04 3.151842314480643643e-04
3.904420476910167359e+00 1.578770611608680541e-03 3.161778924369036247e-04
3.906216116490564882e+00 1.583038567965921843e-03 3.165753135865027228e-04
3.908011756070962406e+00 1.456113439228168141e-03 3.167666026961777508e-04
3.909807395651360373e+00 1.818862222302909020e-03 3.166427378464296339e-04
3.911603000694381826e+00 1.138314019864956981e-03 3.162869003786587699e-04
3.913398584048590312e+00 1.670398243675348584e-03 3.159397646151091820e-04
3.915194167402798797e+00 1.398332678709213791e-03 3.156083383268771386e-04
3.916989750757007283e+00 1.735991317857328879e-03 3.153564263904943448e-04
3.918785334111215768e+00 1.297934716160803990e-03 3.153806697313998745e-04
3.920580917465423809e+00 1.346704948995545558e-03 3.154154285393143738e-04
3.922376500819632295e+00 7.748745694203078294e-04 3.156418543147195758e-04
3.924172084173840780e+00 1.593876418136914129e-03 3.158704563909093275e-04
3.925967621572606703e+00 1.558053345556587033e-03 3.161239673011287041e-04
3.927763148704146889e+00 1.628891091689110664e-03 3.163825897724714545e-04
3.929558675835687076e+00 1.431979671161799422e-03 3.166393582040159978e-04
3.931354202967227263e+00 1.274504513013130762e-03 3.168955560091872938e-04
3.933149730098767449e+00 1.935115566067621435e-03 3.171644412364065034e-04
3.934945257230307636e+00 1.263925965380443281e-03 3.174478269005833234e-04
3.936740729854941279e+00 1.141315895045831455e-03 3.177897117403850153e-04
3.938536200767333906e+00 1.335528434900296220e-03 3.182770966275859804e-04
3.940331671679726977e+00 1.160589702170202256e-03 3.188079727483451972e-04
3.942127142592119604e+00 1.543115341339775740e-03 3.197216294580305365e-04
3.943922613504512231e+00 1.427044546430356400e-03 3.206448460108906034e-04
3.945718077585526284e+00 1.383854083293027757e-03 3.214138026271702868e-04
3.947513492282291647e+00 1.537791015638007323e-03 3.221622504253019380e-04
3.949308918353984232e+00 8.922276126159903739e-04 3.222049076589251593e-04
3.951104399138267276e+00 1.130316825638971821e-03 3.219353042022171001e-04
3.952899865207751606e+00 1.878972366992728328e-03 3.217572078983141673e-04
3.954695279904517413e+00 1.383549223260939444e-03 3.216744527355996984e-04
3.956490694601282776e+00 1.520045355937905702e-03 3.216692772259415432e-04
3.958286109298048583e+00 1.978867454700264459e-03 3.218457873027573499e-04
3.960081523994814390e+00 1.693943042648799911e-03 3.220212934559399669e-04
3.961876938691580197e+00 1.651472556674011541e-03 3.221711066559881345e-04
3.963672332339684079e+00 1.599055671398808345e-03 3.223216485420721841e-04
3.965467690824342473e+00 1.836240697231375767e-03 3.225566703063170639e-04
3.967263049309001310e+00 1.043676001998865809e-03 3.228044440097659605e-04
3.969058407793660148e+00 1.312731726535211040e-03 3.231133507401841103e-04
3.970853766278318986e+00 6.034851023445590018e-04 3.234527006341799652e-04
3.972649124762977380e+00 1.071712772601030299e-03 3.237802989085848075e-04
3.974444453678434019e+00 1.509209196242954684e-03 3.240936889221634728e-04
3.976239755954505295e+00 6.910759753846731825e-04 3.243941267579629429e-04
3.978035058230577015e+00 1.509245683342713565e-03 3.246546763354584081e-04
3.979830360506648290e+00 8.680349071310334338e-04 3.249177226236436822e-04
3.981625662782720010e+00 1.416712708250191226e-03 3.252337526690826804e-04
3.983420965058791285e+00 1.448289792453962216e-03 3.255512782539025994e-04
3.985216267334863005e+00 1.230855352525078023e-03 3.258985667906380535e-04
3.987011569610934281e+00 1.722820883301099488e-03 3.262537870982988998e-04
3.988806830971610040e+00 1.023122119368929678e-03 3.266130406410604615e-04
3.990602077042614049e+00 1.743857942616157571e-03 3.269753053004396796e-04
3.992397323113617613e+00 1.227232219221705001e-03 3.273270217698794429e-04
3.994192569184621178e+00 2.064167094206140283e-03 3.276601608839558601e-04
3.995987768675984597e+00 1.171724939970629834e-03 3.279825037312472441e-04
3.997782958545439413e+00 1.153049245733775733e-03 3.282416593963640122e-04
3.999578206514673440e+00 1.740092342946636308e-03 3.285010646663679952e-04
4.001373462470408704e+00 8.994449322846169133e-04 3.287744416020575949e-04
4.003168657002689201e+00 1.446365786684649518e-03 3.290500655378705429e-04
4.004963846872144018e+00 1.950037438495778267e-03 3.293785614396456591e-04
4.006759036741598834e+00 1.064465050408403696e-03 3.297325355982771078e-04
4.008554226611054538e+00 1.173777496087733806e-03 3.302120654299400327e-04
4.010349416480509355e+00 1.710551405216172507e-03 3.308399580463340325e-04
4.012144601825720969e+00 1.672370988507374326e-03 3.315825214817909338e-04
4.013939735497145556e+00 1.320385445610427122e-03 3.326971938737517589e-04
4.015734869168571031e+00 2.085570270853696808e-03 3.338245393008555271e-04
4.017530002839995618e+00 1.601771700340970210e-03 3.347689141350295447e-04
4.019325136511421093e+00 1.560723430310003313e-03 3.357133753745177268e-04
4.021120270182845680e+00 7.056672123334803252e-04 3.360624061903091800e-04
4.022915403854271155e+00 1.979926440606810494e-03 3.362085332659460533e-04
4.024710537525695742e+00 1.561428199405224659e-03 3.359756493011774076e-04
4.026505655368405101e+00 1.775260723709035700e-03 3.353878016765379582e-04
4.028300732845319310e+00 1.766404545444463531e-03 3.349111167027830362e-04
4.030095810322232630e+00 9.691792891663598281e-04 3.347288557286510905e-04
4.031890887799145951e+00 1.480964854807619632e-03 3.345625206169582349e-04
4.033685965276059271e+00 1.068888154350398825e-03 3.347887556957491757e-04
4.035481042752972591e+00 7.639196689415171443e-04 3.350194980439260726e-04
4.037276095934415387e+00 7.788985567676153920e-04 3.353886593741690837e-04
4.039071117220335516e+00 1.506790088318066658e-03 3.358011554064160267e-04
4.040866138506254757e+00 1.308545417139810475e-03 3.364375329767583535e-04
4.042661159792174885e+00 9.031365536729259961e-04 3.372782460030811246e-04
4.044456181078095014e+00 1.382503073229638703e-03 3.383038622278833059e-04
4.046251202364015143e+00 1.378252113379696640e-03 3.397974602604524443e-04
4.048046223649935271e+00 1.227508502814108693e-03 3.412903489186345520e-04
4.049841244935855400e+00 9.010626084452015572e-04 3.420400216575615929e-04
4.051636230651920023e+00 1.344832089207922314e-03 3.427814100159823308e-04
4.053431195750365035e+00 1.293607317182840976e-03 3.426045211219762884e-04
4.055226160848809158e+00 1.573082955226524134e-03 3.421429059645961267e-04
4.057021125947253282e+00 1.706733420658074337e-03 3.416243112996794010e-04
4.058816091045697405e+00 1.608422959648352080e-03 3.410546018214977246e-04
4.060611056144141529e+00 1.347958650198653610e-03 3.406450285195319937e-04
4.062405977228847220e+00 1.547103324192691115e-03 3.407061620954535152e-04
4.064200886143333413e+00 1.567078648562804767e-03 3.407752880980024070e-04
4.065995795057818718e+00 1.235544295036450444e-03 3.414112124460685102e-04
4.067790703972304911e+00 1.352524782054995546e-03 3.420644163656635689e-04
4.069585612886791104e+00 9.290689117655275692e-04 3.427641339166412446e-04
4.071380521801277297e+00 1.029207435926769373e-03 3.434826279609459266e-04
4.073175430715763490e+00 1.114378396165604298e-03 3.438728652608089693e-04
4.074970339630248795e+00 1.143262254536399694e-03 3.438613351773519037e-04
4.076765193286690625e+00 1.651553367624110889e-03 3.438843567794207072e-04
4.078560046020735186e+00 1.647605581949750445e-03 3.440719053656631291e-04
4.080354898754779747e+00 1.111911398799699359e-03 3.442653635349159406e-04
4.082149742101154111e+00 1.676839901532478075e-03 3.450237307809866883e-04
4.083944482484866079e+00 1.255825420050819992e-03 3.458494500437146583e-04
4.085739247997103973e+00 9.204633651237844509e-04 3.468168859444414605e-04
4.087534176718310874e+00 1.637355500366513474e-03 3.478698621400474491e-04
4.089329081223417539e+00 1.349116204578637481e-03 3.486698391003671162e-04
4.091123877780538542e+00 7.817934919343693528e-04 3.490049146956706954e-04
4.092918674337658658e+00 1.639651695402820830e-03 3.492773940169244988e-04
4.094713470894778773e+00 1.235508643226417187e-03 3.489041464494614230e-04
4.096508267451899776e+00 1.524865446827191381e-03 3.485272838165884551e-04
4.098303064009019892e+00 1.952996785513764740e-03 3.481748941445873954e-04
4.100097841859956738e+00 1.843413115511935863e-03 3.478313942959697326e-04
4.101892582243669594e+00 4.185389078241783358e-04 3.477200532016715140e-04
4.103687322627382450e+00 9.549152326824958577e-04 3.478289236709555896e-04
4.105482063011094418e+00 1.594473102946701191e-03 3.479888337350467431e-04
4.107276803394807274e+00 1.173769911860422094e-03 3.483128530518066375e-04
4.109071543778520130e+00 1.051326821714203188e-03 3.486390064855594655e-04
4.110866257054363260e+00 2.241900518550104127e-03 3.489633348176280898e-04
4.112660941268183379e+00 1.027444321297907954e-03 3.492879908801681103e-04
4.114455625482004386e+00 1.116663334634767323e-03 3.495812624607714451e-04
4.116250309695825393e+00 1.491877630313882862e-03 3.498577382808108023e-04
4.118044993909645513e+00 1.137756569623686945e-03 3.501572688998979286e-04
4.119839678123466520e+00 1.803543707620972785e-03 3.504982630337923153e-04
4.121634362337287527e+00 1.663793994049834850e-03 3.508455167049542877e-04
4.123429046551107646e+00 1.128233473810798075e-03 3.512650796088170619e-04
4.125223692469361048e+00 1.705808942820970665e-03 3.516866176508909162e-04
4.127018320516805616e+00 1.643884832848451633e-03 3.520955074514176063e-04
4.128812948564250185e+00 1.417465192064849833e-03 3.525010961164638194e-04
4.130607576611694753e+00 2.073296310229652377e-03 3.528785030178702414e-04
4.132402204659139322e+00 6.649074290625175661e-04 3.532224943858132534e-04
4.134196832706583891e+00 9.858098929177651522e-04 3.535534114200994263e-04
4.135991414079620121e+00 1.285575211804017423e-03 3.538149306874444132e-04
4.137785985964204549e+00 1.232899783814800365e-03 3.540771525277016285e-04
4.139580557848788089e+00 1.215188510270155632e-03 3.544260785827887386e-04
4.141375129733372518e+00 1.715969717440072543e-03 3.547919708977940990e-04
4.143169701617956946e+00 1.506592828351875114e-03 3.552441445552969343e-04
4.144964273502540486e+00 9.601326707365477262e-04 3.557687665534316375e-04
4.146758845387124914e+00 1.507069407775750219e-03 3.562810673167481090e-04
4.148553415598994043e+00 1.444350149246141982e-03 3.567478244027307921e-04
4.150347931324232853e+00 1.824519488723387638e-03 3.572143048949273517e-04
4.152142447049470775e+00 8.993421888956138009e-04 3.574588775611504889e-04
4.153936962774709585e+00 1.609689175666022178e-03 3.576856540793012479e-04
4.155731478499948395e+00 1.674682496821405667e-03 3.580615213018298413e-04
4.157525994225187205e+00 9.165494701596861495e-04 3.585343829804401466e-04
4.159320499918192304e+00 1.580816425547293879e-03 3.590859959318864754e-04
4.161114959487600018e+00 1.301101738569448909e-03 3.598194630850745103e-04
4.162909419057007732e+00 1.439789058136974748e-03 3.605615786772820019e-04
4.164703878626415445e+00 1.336410788925013974e-03 3.616733617723733073e-04
4.166498338195824047e+00 1.957037644385098678e-03 3.628072015724725648e-04
4.168292797765231761e+00 1.551507803988123402e-03 3.640101322338698021e-04
4.170087238954215181e+00 1.443557319893831953e-03 3.652520461530821077e-04
4.171881642371307208e+00 7.702487330007383014e-04 3.659560797741416289e-04
4.173676045788398348e+00 6.451456209855282618e-04 3.655743113637186827e-04
4.175470449205490375e+00 1.386207429234109605e-03 3.651782073751951062e-04
4.177264852622582403e+00 1.114376736661099347e-03 3.643072626485178100e-04
4.179059256039673542e+00 1.730527209041607091e-03 3.634425101241960934e-04
4.180853659456765570e+00 1.644229726026528266e-03 3.630451301218903045e-04
4.182648062873857597e+00 9.574703347489965134e-04 3.628706111404780138e-04
4.184442436794322262e+00 2.244467558716772490e-03 3.628175091680191952e-04
4.186236784062611349e+00 1.641832256680099238e-03 3.629856937472304202e-04
4.188031131330901324e+00 1.891101641018761575e-03 3.631571387011115425e-04
4.189825478599190411e+00 8.352615263462982633e-04 3.633869013824359158e-04
4.191619755777161060e+00 1.556307900073045005e-03 3.636178146835181276e-04
4.193413990758387833e+00 2.022542271225440547e-03 3.638782493986900016e-04
4.195208352564169019e+00 9.596285756943204702e-04 3.641535531277306651e-04
4.197002775845668054e+00 1.476664791737327970e-03 3.644858002559875658e-04
4.198797103605870440e+00 1.184134364284093006e-03 3.649257751053632958e-04
4.200591394728871997e+00 1.037154521893994801e-03 3.653709413701818455e-04
4.202385685851873554e+00 1.049827092611016217e-03 3.660677241220064741e-04
4.204179976974874222e+00 8.555346016015211207e-04 3.667696161352482611e-04
4.205974268097875779e+00 1.109203079055083238e-03 3.673593105036239968e-04
4.207768559220877336e+00 1.180698859903203972e-03 3.678902192614943805e-04
4.209562801449409086e+00 1.506665010584542705e-03 3.682879044222650729e-04
4.211357036430635858e+00 1.525599216597164996e-03 3.683984226029286498e-04
4.213151271411862631e+00 1.997820562609756503e-03 3.685050023551712166e-04
4.214945506393088515e+00 1.150201405627273958e-03 3.683779399021207875e-04
4.216739741374315287e+00 1.298001356587086047e-03 3.682429908838587046e-04
4.218533975296781868e+00 1.200157768047911602e-03 3.682598571986389602e-04
4.220328154139746601e+00 9.654581847241903558e-04 3.683710154652535766e-04
4.222122332982711335e+00 1.518244324454981302e-03 3.685424687791659533e-04
4.223916511825676956e+00 1.002350630171398296e-03 3.688740056706421165e-04
4.225710690668641689e+00 1.510689777706371046e-03 3.692078444102011897e-04
4.227504869511606422e+00 1.285180061184480575e-03 3.695660131528538520e-04
4.229299039001063854e+00 8.511194732152400043e-04 3.699276960745474861e-04
4.231093161709280182e+00 9.353711811688216436e-04 3.702937665988554673e-04
4.232887284417495621e+00 1.854355893835789694e-03 3.706635279729734176e-04
4.234681407125711949e+00 1.677415473691624363e-03 3.710340937087349029e-04
4.236475529833928277e+00 1.471930092725977704e-03 3.714044606950576608e-04
4.238269652542143717e+00 1.107241601068408065e-03 3.717765676951195232e-04
4.240063757613421025e+00 1.036144628875754117e-03 3.722173734223722789e-04
4.241857824190400805e+00 9.884056614190498812e-04 3.726746166929210437e-04
4.243651890767380586e+00 7.695745793232761740e-04 3.732930520220382260e-04
4.245445957344360366e+00 9.097350929018850271e-04 3.740926592850276353e-04
4.247240023921339258e+00 1.228843984707562531e-03 3.749170866834793526e-04
4.249034090498319038e+00 1.475679373360132014e-03 3.758912555777237487e-04
4.250828157075298819e+00 1.631834754044169094e-03 3.768682494350588546e-04
4.252622223652278599e+00 8.657912097445306411e-04 3.770910357958328490e-04
4.254416261562461443e+00 1.975617026770046507e-03 3.770401485859428475e-04
4.256210272011716533e+00 1.564331275587609992e-03 3.769167644349949399e-04
4.258004282460972512e+00 1.330546018956933621e-03 3.766738073096475756e-04
4.259798292910227602e+00 1.517623996363144830e-03 3.764336770045502044e-04
4.261592303359483580e+00 1.190966626658069086e-03 3.766180845460610207e-04
4.263386313808738670e+00 1.101904736044956009e-03 3.768088292286442612e-04
4.265180287330563758e+00 8.325794505008684470e-04 3.770843242629252912e-04
4.266974241655606903e+00 6.474317215994044314e-04 3.774128990129787370e-04
4.268768195980650049e+00 1.264808311542973572e-03 3.777411417820171306e-04
4.270562150305693194e+00 6.165318073761195429e-04 3.780653163377763063e-04
4.272356104630736340e+00 9.490022344954664527e-04 3.783899913956833465e-04
4.274150058955779485e+00 1.825374898288998574e-04 3.786783913123459386e-04
4.275943968104068738e+00 1.955465039473788368e-03 3.789611388208531748e-04
4.277737866308410908e+00 1.437376921263127392e-03 3.792410360888577017e-04
4.279531764512753078e+00 1.148462113549913880e-03 3.795177947396078961e-04
4.281325662717095248e+00 1.657746286734535727e-03 3.797966028676085979e-04
4.283119560921437419e+00 1.229622032706823020e-03 3.800897612381427381e-04
4.284913459125779589e+00 1.359988013248872177e-03 3.803840616143230142e-04
4.286707357330121759e+00 1.596562826078417197e-03 3.807273062332786734e-04
4.288501255489936881e+00 8.281587505955792430e-04 3.810919881199399434e-04
4.290295097577089933e+00 8.960507598979507854e-04 3.814468472176294595e-04
4.292088939664242098e+00 1.209420948815926548e-03 3.817789349334640243e-04
4.293882781751394262e+00 9.564581882134257302e-04 3.821114550158539623e-04
4.295676623838546426e+00 8.416905220772557487e-04 3.824088805788712023e-04
4.297470465925699479e+00 1.538440678218080948e-03 3.827037756683109655e-04
4.299264283190677105e+00 1.390015743014060955e-03 3.830140292183697374e-04
4.301057956947324179e+00 1.553538959166042522e-03 3.833382619730926278e-04
4.302851678641244071e+00 6.543808120605152734e-04 3.836656728456578182e-04
4.304645596767612936e+00 1.084555321869903844e-03 3.840085227635575671e-04
4.306439482533299667e+00 1.162568630951084240e-03 3.843526343311728433e-04
4.308233268506772795e+00 1.230515726174108860e-03 3.847290365454970385e-04
4.310027038000623811e+00 1.734412289318931072e-03 3.851196018203079541e-04
4.311820767863928872e+00 9.667329354771908145e-04 3.856673544607981349e-04
4.313614497727233932e+00 2.104155601822207435e-03 3.865354638171575579e-04
4.315408227590538992e+00 8.568943126795141967e-04 3.874184113466820276e-04
4.317201957453844052e+00 1.230063366228301581e-03 3.891552008980120629e-04
4.318995687317149113e+00 8.963685310718717348e-04 3.909895007301687070e-04
4.320789392493387560e+00 1.734563586348086134e-03 3.922745985274444223e-04
4.322583066250034634e+00 1.370572172968316776e-03 3.930273404554839576e-04
4.324376740006681707e+00 1.128939869442287074e-03 3.936296293894535813e-04
4.326170413763328781e+00 1.251106667620289440e-03 3.930451614808796817e-04
4.327964087519974967e+00 1.175292810643456315e-03 3.924535985865468843e-04
4.329757761276622041e+00 9.271248062735398853e-04 3.917925002888928516e-04
4.331551435033269115e+00 1.363016048580637223e-03 3.911045701771816477e-04
4.333345108789916189e+00 1.535287522796647966e-03 3.906708471978763311e-04
4.335138746930788045e+00 1.293287600500421259e-03 3.908734347579302009e-04
4.336932364584287214e+00 1.337108356831536587e-03 3.910849668810303568e-04
4.338725943895271442e+00 8.786494192909799841e-04 3.917772897940347433e-04
4.340519505449131010e+00 9.525328460569998162e-04 3.925535727505260640e-04
4.342313067002990579e+00 4.708075598107633450e-04 3.933146922433526692e-04
4.344106628556850147e+00 9.597944200996104056e-04 3.940545692572615735e-04
4.345900190110709715e+00 1.084768221309204096e-03 3.947820612960125796e-04
4.347693751664569284e+00 1.011266325510270462e-03 3.949674566226381669e-04
4.349487313218428852e+00 5.952360485758901275e-04 3.951466970788859614e-04
4.351280874772288421e+00 9.904639412249228916e-04 3.950458212386845423e-04
4.353074436326147989e+00 1.077613733494923705e-03 3.947556731079942529e-04
4.354867997880007557e+00 1.436148808567042252e-03 3.944937258037963966e-04
4.356661559433867126e+00 1.730433709713464835e-03 3.943679443305466619e-04
4.358455120987726694e+00 1.004319988951917148e-03 3.942456493575773025e-04
4.360248573160293795e+00 1.118889808050405749e-03 3.944279776382342935e-04
4.362042022525402629e+00 1.406592712887277117e-03 3.947200337728065341e-04
4.363835471890512352e+00 1.033109071419382498e-03 3.951526171673966836e-04
4.365628921255621187e+00 2.328542036436691189e-03 3.958934020240860853e-04
4.367422370620730021e+00 9.606556003245390321e-04 3.966443093459797462e-04
4.369215819985839744e+00 1.641667820882421582e-03 3.978562135309046351e-04
4.371009269350948578e+00 1.558535196455486643e-03 3.991457992406201934e-04
4.372802718716057413e+00 1.153036455363282316e-03 4.001642230432907589e-04
4.374596168081167136e+00 1.327797864067588665e-03 4.008273549665023481e-04
4.376389617446275970e+00 2.041852659996832827e-04 4.014840694197170114e-04
4.378183066811385693e+00 1.118036390702393601e-03 4.012907956479955696e-04
4.379976516176494528e+00 5.782142930511980717e-04 4.010909440488946102e-04
4.381769965541603362e+00 8.769380937542529085e-04 4.008592784523945973e-04
4.383563379660409431e+00 1.014232849911858017e-03 4.006028730952510019e-04
4.385356716850801639e+00 1.507538672338430263e-03 4.003795037786759712e-04
4.387150054041194736e+00 3.383071205354613170e-04 4.003943414674520133e-04
4.388943391231587832e+00 4.903651317787268045e-04 4.004120648701669648e-04
4.390736728421980040e+00 1.806898462923029261e-03 4.005645714880817472e-04
4.392530065612373136e+00 6.183945328561738734e-04 4.007851870480124605e-04
4.394323402802766232e+00 1.443235908182907310e-03 4.010290042539401485e-04
4.396116739993158440e+00 7.465489915368091287e-04 4.013505967222285665e-04
4.397910077183551536e+00 5.191511840444108187e-04 4.016744230677612472e-04
4.399703414373944632e+00 1.170529077367901596e-03 4.021145007276098401e-04
4.401496751564336840e+00 9.574220170340714013e-04 4.025918543558861082e-04
4.403290088754729936e+00 7.949784013758563837e-04 4.030985453002534197e-04
4.405083358172247721e+00 1.377963174656576372e-03 4.036663721128256948e-04
4.406876583201955633e+00 1.426571061737975585e-03 4.042364602985456818e-04
4.408669735059803862e+00 1.668115340610158096e-03 4.047337508974648153e-04
4.410462847942855369e+00 1.511507409810619292e-03 4.052193129932947046e-04
4.412256131968399941e+00 1.949451562587017168e-03 4.056441823560300508e-04
4.414049489144759697e+00 1.097666841983952792e-03 4.059768371109256121e-04
4.415842747388573741e+00 1.914544611723013618e-03 4.063095651384575043e-04
4.417635972418281654e+00 1.165299944659996343e-03 4.066309741865735882e-04
4.419429197447989566e+00 1.328338356985901431e-03 4.069523290830124435e-04
4.421222422477697478e+00 9.761530711087082262e-04 4.072757153935482942e-04
4.423015647507405390e+00 1.942427027464482987e-03 4.076012702411257039e-04
4.424808872537113302e+00 1.028912219382849226e-03 4.079281686594391724e-04
4.426601997385031240e+00 1.267466886008704417e-03 4.082918450931238147e-04
4.428395110268082746e+00 1.110872202236965400e-03 4.086578254473314056e-04
4.430188223151135141e+00 1.162403871217591996e-03 4.091632991143048163e-04
4.431981336034186647e+00 1.725364948957136026e-03 4.097900544116299241e-04
4.433774448917239042e+00 1.177772214736869019e-03 4.104344109741302638e-04
4.435567561800290548e+00 1.743302128604271722e-03 4.112551269152209189e-04
4.437360674683342054e+00 1.125661795585646864e-03 4.120799218677562679e-04
4.439153787566394449e+00 1.133548381161548135e-03 4.126159996653142514e-04
4.440946900449445955e+00 1.223436445583314224e-03 4.129512067464572995e-04
4.442740013332498350e+00 1.105123553573370042e-03 4.132532507196242429e-04
4.444533126215549856e+00 1.034020340328760694e-03 4.133252992581902541e-04
4.446326218703385180e+00 1.080987237473188516e-03 4.133971059213999871e-04
4.448119219453807283e+00 1.093452698308306978e-03 4.136550393484252032e-04
4.449912220204229385e+00 7.180177762281645835e-04 4.140203952190669697e-04
4.451705220954651487e+00 1.931883341204390821e-03 4.144235777724123511e-04
4.453498221705073590e+00 3.703706722298120372e-04 4.150147101642271828e-04
4.455291222455495692e+00 3.268711620849800489e-04 4.156091234832120975e-04
4.457084223205917795e+00 1.537967210324072938e-03 4.161280284555459005e-04
4.458877223956339897e+00 6.530657030516784887e-04 4.166102819152654214e-04
4.460670224706761999e+00 1.048177644132417506e-03 4.170765349105116124e-04
4.462463225457184102e+00 1.536562353779219892e-03 4.174707445934576098e-04
4.464256226207606204e+00 1.453434876898432532e-03 4.178686345555149089e-04
4.466049226958028306e+00 6.874984520174175651e-04 4.186710456794936791e-04
4.467842227708450409e+00 3.138987777720972242e-04 4.196581583411003219e-04
4.469635228458872511e+00 1.529428549512671688e-03 4.208641180994805134e-04
4.471428171165469756e+00 1.284161392095109228e-03 4.228770106274749711e-04
4.473221059797285903e+00 9.431025368814745236e-04 4.249154492708156930e-04
4.475013948429102051e+00 5.111607683691965888e-04 4.257694863766316737e-04
4.476806837060918198e+00 1.274187032856589604e-03 4.261286421845447551e-04
4.478599725692733458e+00 1.224346571231069462e-03 4.261672188423820153e-04
4.480392614324549605e+00 7.464796031790908552e-04 4.250871934396626621e-04
4.482185502956365752e+00 1.646455928430082608e-03 4.240119733298205670e-04
4.483978391588181900e+00 1.415275817221950828e-03 4.236197435510469299e-04
4.485771280219997159e+00 1.067229445759310591e-03 4.235003907938864488e-04
4.487564168851813307e+00 9.763755357942787653e-04 4.234959986123896353e-04
4.489357057483629454e+00 1.101747781085004978e-03 4.238923776196738520e-04
4.491149946115444713e+00 9.678163188192138999e-04 4.242935112673420594e-04
4.492942744524418330e+00 1.153475294735951300e-03 4.247652008988474334e-04
4.494735521051648419e+00 1.122432626542096447e-03 4.252671215948663434e-04
4.496528297578879396e+00 8.819820749273079696e-04 4.257797602389772843e-04
4.498321074106110373e+00 1.447362722972673262e-03 4.263275280921638563e-04
4.500113850633340462e+00 8.031928494359771679e-04 4.268779001075420892e-04
4.501906627160571439e+00 1.080274485488097631e-03 4.274553256824398717e-04
4.503699403687801528e+00 7.526783202326315422e-04 4.280462125314920402e-04
4.505492180215032505e+00 1.333660628605502687e-03 4.286330548198297608e-04
4.507284956742263482e+00 9.224528650109144971e-04 4.291940706052389245e-04
4.509077733269493571e+00 1.992910102296162073e-03 4.297569643944370806e-04
4.510870509796724548e+00 7.596633322293430430e-04 4.303209248764053199e-04
4.512663276102806265e+00 1.499910335194157068e-03 4.308868479079078478e-04
4.514455940539470191e+00 1.538106612128900541e-03 4.314920067793190307e-04
4.516248604976133230e+00 1.717034446785581500e-03 4.322976864895874505e-04
4.518041269412797156e+00 1.811097674498770215e-03 4.331105739162360467e-04
4.519833912958238997e+00 7.841418629786050523e-04 4.340856107050611356e-04
4.521626465318351329e+00 1.627858421140055377e-03 4.351591718253223747e-04
4.523419074797563333e+00 1.104445345346064368e-03 4.361499850432033515e-04
4.525211871374618333e+00 1.025371045605334578e-03 4.364583276517718991e-04
4.527004630771058302e+00 1.551810964106237374e-03 4.367607926577359023e-04
4.528797295207722229e+00 1.039140375168089983e-03 4.369097613531243451e-04
4.530589959644386155e+00 1.191901172056359813e-03 4.369501102610398504e-04
4.532382624081049194e+00 2.501190394931022271e-03 4.370137644833049870e-04
4.534175246311150431e+00 1.347791866868976868e-03 4.374143326072023157e-04
4.535967798671263651e+00 9.692555701467033165e-04 4.378186745195150869e-04
4.537760351031375983e+00 6.312002130119606647e-04 4.382468717958662289e-04
4.539552903391488314e+00 8.037242954095133842e-04 4.386965151596545478e-04
4.541345455751600646e+00 1.476912787712716382e-03 4.391486481109581753e-04
4.543138008111713866e+00 1.647036165186219247e-03 4.397125755742455262e-04
4.544930560471826197e+00 8.614948246187694022e-04 4.402802658959152908e-04
4.546723112831938529e+00 1.271612750064077344e-03 4.409079490022665125e-04
4.548515665192050861e+00 1.426145546079526623e-03 4.416052428374870145e-04
4.550308217552163192e+00 1.354047178260566614e-03 4.423056314436656263e-04
4.552100769912276412e+00 1.378587656825055411e-03 4.429349102208583462e-04
4.553893322272388744e+00 1.308656826980877062e-03 4.435601413091496727e-04
4.555685800503241900e+00 1.548240666164574231e-03 4.441550716974868203e-04
4.557478240800816316e+00 1.213224009972512125e-03 4.447004325346291202e-04
4.559270681098390732e+00 1.393402724096526627e-03 4.452493848321068741e-04
4.561063121395965148e+00 9.289252454309485010e-04 4.460448271668119745e-04
4.562855561693539563e+00 6.071369453182993156e-04 4.468916341766917795e-04
4.564648001991113979e+00 9.056671606130408531e-04 4.477225252171569908e-04
4.566440442288688395e+00 3.085473180680044962e-04 4.485091574198071004e-04
4.568232882586262811e+00 7.039439044884560895e-04 4.492970891330064004e-04
4.570025322883837227e+00 2.154881803211500767e-03 4.497900909969767061e-04
4.571817763181410754e+00 1.873726106546141088e-03 4.501844023252300547e-04
4.573610203478985170e+00 6.285381246832788841e-04 4.506805198598862736e-04
4.575402643776559586e+00 6.118677285050106449e-04 4.515716119530835881e-04
4.577194978112227197e+00 1.064955762198423325e-03 4.524729439509794890e-04
4.578987306361273824e+00 9.693789144004687696e-04 4.536457550009605926e-04
4.580779634610320450e+00 1.611971685426673555e-03 4.549759450427069457e-04
4.582571962859367076e+00 8.442024312558255982e-04 4.565089016585125565e-04
4.584364291108413703e+00 1.050431396710378414e-03 4.598056359592231422e-04
4.586156619357460329e+00 2.565962971725649789e-04 4.631910955826101903e-04
4.587948947606506955e+00 1.037799354156540956e-03 4.671323525476326743e-04
4.589741275855553582e+00 1.664391900967200459e-03 4.716046677653435424e-04
4.591533604104601096e+00 1.832543191034879601e-03 4.761558602830236078e-04
4.593325932353647723e+00 1.431938900053943923e-03 4.740248298281466550e-04
4.595118260602694349e+00 1.739030889730447003e-03 4.716976931756048405e-04
4.596910563181721976e+00 1.138784837245685648e-03 4.690735257095196174e-04
4.598702779396249163e+00 5.090618592594366035e-04 4.660327158819188619e-04
4.600494995610775462e+00 1.496297289850952216e-03 4.630614452879957296e-04
4.602287211825302649e+00 1.322333221037037170e-03 4.621639300655666356e-04
4.604079428039828947e+00 1.766734514997422584e-03 4.616571110655358660e-04
4.605871644254356134e+00 5.370702186112309576e-04 4.614070386949768515e-04
4.607663860468883321e+00 1.407277312899383667e-03 4.618037922330770970e-04
4.609456076683409620e+00 7.855657735443145450e-04 4.622088498836582717e-04
4.611248292897936807e+00 1.208732420701329798e-03 4.628952980715368595e-04
4.613040509112463106e+00 9.786540740893954517e-04 4.637036759367272601e-04
4.614832673268628227e+00 5.629016457438947539e-04 4.644986587532795564e-04
4.616624777462640772e+00 5.721315241961505991e-04 4.651821544637731718e-04
4.618416881656652428e+00 1.068907330629691177e-03 4.658664945474262327e-04
4.620208985850664973e+00 1.809641043398256197e-03 4.664021993644959247e-04
4.622001090044676630e+00 5.644271984986185247e-04 4.668182939988079665e-04
4.623793194238689175e+00 1.108436662083827620e-03 4.672352476463512692e-04
4.625585298432700831e+00 1.600063326063167445e-03 4.677555847107882879e-04
4.627377402626713376e+00 7.421038128355768749e-04 4.682805840254531163e-04
4.629169433712958970e+00 9.848203942905415890e-04 4.688011978988282651e-04
4.630961425900459005e+00 6.028256723749543002e-04 4.693142395274075380e-04
4.632753588885068829e+00 1.381665087021248951e-03 4.698296055210476408e-04
4.634545825213193915e+00 1.047040846391249355e-03 4.704262406407289944e-04
4.636337879300117315e+00 1.265234723684715299e-03 4.710450031649288365e-04
4.638129871487617351e+00 1.583880077307833062e-03 4.717945452643510754e-04
4.639921863675117386e+00 1.018686942375810400e-03 4.729794615688517152e-04
4.641713855862617422e+00 1.893799394329165721e-03 4.741840377434269264e-04
4.643505848050117457e+00 7.918813576894903616e-04 4.763679443102635577e-04
4.645297840237617493e+00 2.260639403559496635e-03 4.791516701519546884e-04
4.647089832425117528e+00 2.281593800579509099e-03 4.820475080474008489e-04
4.648881824612617564e+00 8.154255719979963245e-04 4.861031884111889309e-04
4.650673816800117599e+00 1.996309870254714576e-03 4.902572643507388007e-04
4.652465808987617635e+00 2.437920674947664269e-03 4.929327149736919753e-04
4.654257801175117670e+00 1.490749029268028086e-03 4.937112483010217554e-04
4.656049790259308985e+00 1.327956045769565583e-03 4.944503026155139301e-04
4.657841670454296867e+00 2.959394276248124593e-04 4.915886557998145690e-04
4.659633550649284750e+00 1.333006604939448872e-03 4.881525594575942357e-04
4.661425430844272633e+00 8.063384899097765686e-04 4.855995525176693903e-04
4.663217311039260515e+00 2.333989535434543780e-03 4.854366413047777338e-04
4.665009191234248398e+00 8.361212286213223939e-04 4.853057247695545962e-04
4.666801071429236281e+00 1.795574675843098367e-03 4.869382271205735611e-04
4.668592951624224163e+00 1.205133218905844782e-03 4.895600134557683957e-04
4.670384831819212046e+00 1.437737047763760091e-03 4.921440058528099050e-04
4.672176712014199929e+00 7.734587850505935227e-04 4.931813411438152163e-04
4.673968592209187811e+00 1.685500083459200854e-03 4.942025734625145718e-04
4.675760472404175694e+00 9.656574584737021190e-04 4.938689770848960197e-04
4.677552318084300609e+00 1.259859999183270086e-03 4.918157100811467071e-04
4.679344086300774030e+00 1.527462039304127925e-03 4.897830459591412606e-04
4.681135854517246564e+00 2.028699058231470988e-03 4.888606717063671012e-04
4.682927622733719986e+00 1.420220348504036860e-03 4.881790850561995945e-04
4.684719390950192519e+00 1.843959222572983964e-03 4.877450371832441002e-04
4.686511159166665941e+00 6.729305192677447660e-04 4.881794792928186933e-04
4.688302927383138474e+00 7.893564091105698122e-04 4.886237330676261202e-04
4.690094695599611896e+00 2.085562532878859968e-03 4.893207194205935300e-04
4.691886463816084429e+00 1.124120284987193069e-03 4.901911082909001828e-04
4.693678232032557851e+00 2.123562919531117761e-03 4.910681473609851714e-04
4.695470000249030385e+00 1.528262113126273389e-03 4.920441462379440299e-04
4.697261768465503806e+00 1.309652281580310626e-03 4.930268588887564817e-04
4.699053470845417024e+00 3.375196764550790094e-04 4.938007001898844480e-04
4.700845127097370124e+00 1.271335647967691395e-03 4.941984988802855527e-04
4.702636783349322336e+00 1.527769802330833284e-03 4.945946463535321131e-04
4.704428439601275436e+00 1.339861577759555609e-03 4.950233762656065968e-04
4.706220095853227647e+00 1.609782733821291632e-03 4.954654420017281331e-04
4.708011752105180747e+00 7.844315648629089817e-04 4.959578918550291678e-04
4.709803408357133847e+00 1.233623003730133921e-03 4.968294491999737227e-04
4.711595064609086059e+00 1.116751557195793006e-03 4.977083455263495290e-04
4.713386720861039159e+00 1.013925858508559538e-04 4.986115588568134065e-04
4.715178377112992258e+00 1.794577589115204427e-03 4.995411194415101154e-04
4.716969941503195152e+00 1.341113566779401304e-03 5.004735803173502489e-04
4.718761485804620293e+00 7.911141917976943598e-04 5.011171787625813773e-04
4.720553030106044545e+00 9.453796158477064792e-04 5.017078888436441939e-04
4.722344574407469686e+00 1.802363808119638016e-03 5.022358632302433273e-04
4.724136118708893939e+00 1.437093765778529311e-03 5.025351427149419951e-04
4.725927663010318192e+00 1.325057600912405917e-03 5.028339316226366216e-04
4.727719207311743332e+00 4.935030117348746361e-04 5.032102729988328785e-04
4.729510751613167585e+00 1.326563707378280738e-03 5.036440598232777652e-04
4.731302295914592726e+00 1.060303078764427342e-03 5.040816835927106228e-04
4.733093840216016979e+00 1.161890263818896041e-03 5.048166299795891652e-04
4.734885384517442120e+00 1.134121744307442156e-03 5.055768128262405452e-04
4.736676906684361477e+00 1.840151339471698955e-03 5.063371550373215639e-04
4.738468227126695353e+00 4.059126927095544572e-04 5.070928966147901203e-04
4.740259582960916873e+00 1.275173884804551780e-03 5.078511381545605186e-04
4.742051147452357895e+00 1.488131523416977688e-03 5.085279115175299043e-04
4.743842686686207344e+00 9.942450846708826562e-04 5.091611075914765803e-04
4.745634119051093336e+00 5.064493564990030228e-04 5.097949328244304841e-04
4.747425551415979328e+00 9.585991622385050485e-04 5.103073278880519877e-04
4.749216983780865320e+00 5.931902321234840125e-04 5.108200507596068500e-04
4.751008416145751312e+00 1.579753874406384252e-03 5.112994028821070142e-04
4.752799848510637304e+00 2.230518024805759354e-03 5.117164937815401292e-04
4.754591243945999857e+00 1.518691821205566837e-03 5.121348176441578104e-04
4.756382564388333734e+00 8.339789365631564318e-04 5.126495687459903033e-04
4.758173884830667610e+00 1.200812445882523498e-03 5.132076085860907098e-04
4.759965205273002375e+00 1.421114674986804745e-03 5.137698280959498509e-04
4.761756525715336252e+00 1.847306601239780566e-03 5.143710569228805924e-04
4.763547846157670129e+00 6.917655727536262122e-04 5.149745440514479555e-04
4.765339166600004006e+00 2.102042743729439726e-03 5.155547469444262234e-04
4.767130487042338771e+00 1.622066231635555054e-03 5.160965371743760121e-04
4.768921807484672648e+00 1.322772580507884654e-03 5.166391183817653802e-04
4.770713127927006525e+00 9.802392526237681952e-04 5.171101289074917645e-04
4.772504448369341290e+00 1.708948323278573680e-03 5.175541495361731968e-04
4.774295768811675167e+00 1.161371793632308544e-03 5.180093823533739447e-04
4.776087021346600459e+00 1.490679813955736541e-03 5.186102529969730587e-04
4.777878229880367478e+00 2.242186172639689182e-03 5.192150430992763807e-04
4.779669438414133609e+00 1.813216634701535993e-03 5.199357982423894126e-04
4.781460646947899740e+00 1.357689892381754027e-03 5.208347688505089420e-04
4.783251855481666759e+00 6.826905725855115679e-04 5.217399019641672138e-04
4.785043064015432890e+00 1.204903533699293317e-03 5.226925386485763202e-04
4.786834272549199909e+00 1.564095019222751801e-03 5.236666138309158895e-04
4.788625481082966040e+00 6.438332708418419148e-04 5.246202590272129292e-04
4.790416689616732171e+00 1.075886794653430588e-03 5.251625452635548183e-04
4.792207898150499190e+00 1.681236763763736082e-03 5.257047960088321930e-04
4.793999106684265321e+00 1.196992937828698618e-03 5.264201439605599355e-04
4.795790315218032340e+00 4.610679952987693005e-04 5.274204716296525567e-04
4.797581424956200102e+00 2.414007896434311028e-03 5.284271793485964541e-04
4.799372521595380192e+00 5.416215177007022369e-04 5.292871921362377226e-04
4.801163618234561170e+00 2.029883274316066945e-03 5.300851078899533912e-04
4.802954714873741260e+00 1.428064148342813667e-03 5.308769846913159035e-04
4.804745811512922238e+00 1.413381670054173183e-03 5.313468295611845343e-04
4.806536908152102328e+00 1.364735301028553597e-03 5.318183359638913466e-04
4.808328004791282417e+00 6.349210044956616434e-04 5.327070132944437732e-04
4.810119101430463395e+00 7.843323570584948565e-04 5.344166986140979009e-04
4.811910198069643485e+00 1.719375456724718792e-03 5.361432880231836381e-04
4.813701282130449677e+00 9.955111437423354477e-04 5.371237952473315556e-04
4.815492266889023654e+00 1.902440844636325758e-03 5.376956815724556272e-04
4.817283251647596742e+00 1.860684793249733297e-03 5.382600183743244549e-04
4.819074236406169831e+00 1.406126129723350065e-03 5.380243271913404384e-04
4.820865221164742920e+00 1.553775923678022385e-03 5.377541952973543399e-04
4.822656205923316897e+00 6.838167745053498961e-04 5.377572819826569863e-04
4.824447190681889985e+00 1.941106707413429652e-03 5.384818697665717498e-04
4.826238175440463074e+00 1.173268067877371789e-03 5.392145873379817350e-04
4.828029160199036163e+00 1.690116488007718191e-03 5.399294721803586964e-04
4.829820144957609251e+00 1.510446419187030931e-03 5.406320237418088493e-04
4.831611129716183228e+00 1.503762755055957495e-03 5.413348472430920674e-04
4.833402114474756317e+00 1.263915254683719647e-03 5.417401772306559057e-04
4.835193055931439332e+00 -2.665113251031051185e-04 5.421036947517347089e-04
4.836983928823381795e+00 1.865431385059408481e-03 5.424918078067940928e-04
4.838774801715324259e+00 1.698039289173005565e-03 5.429860345943355020e-04
4.840565674607266722e+00 1.064312105028963592e-03 5.434842990950073359e-04
4.842356547499209185e+00 8.788159068821936029e-04 5.442256877756157171e-04
4.844147420391151648e+00 -4.806479402005912720e-04 5.452329639418995949e-04
4.845938234666950173e+00 2.152069702146633748e-03 5.462451061691899748e-04
4.847728995706234834e+00 1.069234912120597004e-03 5.469377663710848093e-04
4.849519895707620876e+00 1.004399361339222653e-03 5.475364950476476747e-04
4.851310900719799868e+00 7.833134256224710780e-04 5.481522251528205339e-04
4.853101755661249683e+00 1.279180505613516320e-03 5.489659468129618001e-04
4.854892516700535232e+00 4.575690432736894374e-04 5.497845993879374969e-04
4.856683277739820781e+00 1.622956769957949012e-03 5.505952677022418534e-04
4.858474038779106330e+00 9.137800838455211253e-04 5.513887861967425690e-04
4.860264799818391879e+00 1.739614255129229379e-03 5.521807718307151060e-04
4.862055560857677428e+00 7.226399461504324877e-04 5.523695186402861369e-04
4.863846321896962976e+00 1.607905344926999691e-03 5.522210852853764009e-04
4.865637082936248525e+00 1.909904614474043291e-03 5.520747297966178318e-04
4.867427843975534074e+00 1.767067711942280506e-03 5.525363464201349384e-04
4.869218605014819623e+00 1.639765529905087100e-03 5.530509655095312924e-04
4.871009271799430884e+00 1.000356688934020497e-03 5.536402812652543512e-04
4.872799921000030565e+00 9.949077264225093375e-04 5.544995501087399917e-04
4.874590570200630246e+00 1.554142474779750998e-03 5.553642791656268445e-04
4.876381219401229927e+00 5.428402268603262602e-04 5.561529320531592322e-04
4.878171868601829608e+00 -1.733086393215202588e-04 5.568607861838979897e-04
4.879962517802428401e+00 9.348974433259842846e-04 5.575695275170533148e-04
4.881753167003028082e+00 6.114725204396768716e-04 5.581319572799152895e-04
4.883543816203627763e+00 1.748837187307646004e-03 5.586492322973123916e-04
4.885334465404227444e+00 1.696256374169252158e-03 5.591661496564371376e-04
4.887125114604827125e+00 1.334685560778454657e-03 5.596588414787194822e-04
4.888915763805426806e+00 8.945616651436339535e-04 5.601520828454565823e-04
4.890706400119974262e+00 1.321205723670465992e-03 5.606193467759067574e-04
4.892496937495856457e+00 7.727346782062137010e-04 5.610269963928959849e-04
4.894287474871738652e+00 9.076466110568373082e-04 5.614354719695770213e-04
4.896078012247620848e+00 1.260038739837097835e-03 5.618677611204651217e-04
4.897868549623503043e+00 9.627917066322749969e-04 5.623180124250048376e-04
4.899659086999385238e+00 1.703827447943951235e-03 5.627707319924198917e-04
4.901449624375267433e+00 2.322554594711152397e-04 5.634087983998633089e-04
4.903240161751149628e+00 1.157172015734035100e-03 5.640854261816559152e-04
4.905030699127031824e+00 2.628823711132119521e-03 5.647777393094221979e-04
4.906821236502913131e+00 1.366162941050034531e-03 5.655800221824391428e-04
4.908611735675878940e+00 1.304185960820602574e-03 5.663865655378782409e-04
4.910402161241009367e+00 6.128183624648928440e-04 5.671998209899812952e-04
4.912192586806139794e+00 1.148309495317395741e-03 5.680224182584331545e-04
4.913983012371270220e+00 3.352883339791794823e-04 5.688486338468806344e-04
4.915773437936400647e+00 1.548910922546298382e-03 5.696906296834935816e-04
4.917563863501531074e+00 8.808243156964057526e-04 5.705438053841866038e-04
4.919354289066662389e+00 8.167247793337420805e-04 5.714004974010951496e-04
4.921144714631792816e+00 1.694179782692052313e-03 5.722233550667910323e-04
4.922935140196923243e+00 1.407279751864967850e-03 5.730436472195704406e-04
4.924725565762053670e+00 7.643613317946647365e-04 5.738162842949389320e-04
4.926515991327184096e+00 9.150651227313138895e-04 5.742449066155755951e-04
4.928306416892314523e+00 1.889114197402202988e-03 5.746711968658454713e-04
4.930096773962806544e+00 1.124318167074517651e-03 5.750297726220735374e-04
4.931887087731148256e+00 1.351766397891943040e-03 5.752733161120104346e-04
4.933677401499490855e+00 -4.447826209015093638e-05 5.755174606794271133e-04
4.935467715267832567e+00 1.640725160997115375e-03 5.759148309885666565e-04
4.937258029036175166e+00 9.472572523823398136e-04 5.764091760993550993e-04
4.939048342804516878e+00 1.913680220229023237e-03 5.769062542649702665e-04
4.940838656572859477e+00 6.739431435864482681e-04 5.775070539622412496e-04
4.942628970341201189e+00 1.629440824933348856e-03 5.781274827491616119e-04
4.944419284109543788e+00 1.615462028571451646e-03 5.787522220258855014e-04
4.946209597877885500e+00 1.625344978283473681e-03 5.793985462989206629e-04
4.947999817984444881e+00 1.838370635960157994e-03 5.800469413311568718e-04
4.949790019969959154e+00 1.209087656989442415e-03 5.806835319982767271e-04
4.951580221955473426e+00 9.310970842199934802e-04 5.812947181220934692e-04
4.953370423940988587e+00 1.746153269130860898e-03 5.819081248807587417e-04
4.955160625926502860e+00 1.702134812704977213e-03 5.825830243640958261e-04
4.956950827912017132e+00 5.267308486008377049e-04 5.833056331541293859e-04
4.958740921184841888e+00 1.927856714834960249e-03 5.840321452800943322e-04
4.960531015658695253e+00 1.177601616304325190e-04 5.848990599949263972e-04
4.962321349756841471e+00 1.450885120607939066e-03 5.858053518662986910e-04
4.964111668671934652e+00 6.734377928625966863e-04 5.867182166431829556e-04
4.965901758888579209e+00 6.945757250375948592e-04 5.876896506667969892e-04
4.967691849105224655e+00 1.299769267055590847e-03 5.886659959955326199e-04
4.969481939321869213e+00 1.814338820477125885e-03 5.895826286277417198e-04
4.971272029538513770e+00 1.533127210257710779e-03 5.903178277099207106e-04
4.973062119755158328e+00 1.710855150718428464e-03 5.910518657868385874e-04
4.974852209971803774e+00 1.440007859371162432e-03 5.915158012537716963e-04
4.976642300188448331e+00 1.550897555166625211e-03 5.916821786282803032e-04
4.978432390405092889e+00 1.103188747925165115e-03 5.918483699570814245e-04
4.980222480621738335e+00 1.114994800495762569e-03 5.922579622660696739e-04
4.982012538847993000e+00 -5.253150628501909204e-05 5.927757793386617766e-04
4.983802517309723790e+00 6.138380104604251831e-04 5.932954798198130904e-04
4.985592495771453692e+00 1.738705096663422604e-03 5.937822309506192529e-04
4.987382474233184482e+00 1.210334531285845588e-03 5.942668208356624397e-04
4.989172452694915272e+00 1.480081100783398398e-03 5.947590567521746172e-04
4.990962431156646062e+00 1.524609480486191319e-03 5.952951451454634906e-04
4.992752409618375964e+00 1.638070447199202950e-03 5.958340311463691764e-04
4.994542388080106754e+00 2.304505365798816680e-03 5.965238870516099620e-04
4.996332366541837544e+00 1.420993678249136494e-03 5.975044819223285448e-04
4.998122345003568334e+00 5.735903898527119774e-04 5.984892328307846090e-04
4.999912323465298236e+00 7.928524593291646876e-04 5.991057210752875374e-04
5.001702301927029026e+00 1.831627817425641666e-03 5.994157108641899471e-04
5.003492218448365669e+00 1.001579431732679609e-03 5.997227350542284376e-04
5.005282085169135087e+00 1.519429602468750761e-03 5.999033280552496785e-04
5.007071951889903616e+00 -1.199112064566819347e-05 6.000419200721335495e-04
5.008861818610673033e+00 9.357093604451124057e-04 6.001834886605856385e-04
5.010651685331442451e+00 1.453612923083636614e-03 6.007119594894076058e-04
5.012441552052210980e+00 1.653501637945275528e-03 6.012629636578823095e-04
5.014231418772980398e+00 2.119516438145218132e-03 6.019025367691766036e-04
5.016021285493749815e+00 1.535006474506200825e-03 6.029934656237401040e-04
5.017811152214518344e+00 1.323003474259768072e-03 6.040947202851143288e-04
5.019601018935287762e+00 8.338536697856165775e-04 6.053535081470187013e-04
5.021390798833039959e+00 1.708798893935091620e-03 6.068949582068744898e-04
5.023180553826797734e+00 1.416307732552374125e-03 6.084460634588814958e-04
5.024970308820555509e+00 1.214807317969432074e-03 6.095406921028896424e-04
5.026760063814313284e+00 1.692298816843149176e-03 6.102545385854047516e-04
5.028549818808071059e+00 2.487888348786632987e-03 6.109643781946875627e-04
5.030339573801828834e+00 1.271774672768040100e-03 6.112258509284805271e-04
5.032129328795586609e+00 1.381903359539496346e-03 6.113266209365102524e-04
5.033919083789344384e+00 1.954067276722567473e-03 6.114361060033049076e-04
5.035708838783102159e+00 7.840822845640993541e-04 6.127983720739743970e-04
5.037498593776859934e+00 1.950959489081683079e-03 6.142750842416284940e-04
5.039288237139374793e+00 2.081123778056443753e-03 6.156799084986292435e-04
5.041077880420068880e+00 1.294366985974381053e-03 6.164895999483168418e-04
5.042867523700762966e+00 3.245346086512080133e-04 6.172958937831930911e-04
5.044657166981457053e+00 -3.453746445829899200e-04 6.178927912595152516e-04
5.046446810262151139e+00 2.196519231453151859e-03 6.179977780275387831e-04
5.048236453542845226e+00 1.338679839162112148e-03 6.181004565965783713e-04
5.050026096823539312e+00 1.531123629726752850e-03 6.183733963007336269e-04
5.051815740104234287e+00 1.385548387919918745e-03 6.188326202457158313e-04
5.053605383384928373e+00 -1.542729361393531048e-04 6.192947552128448942e-04
5.055395001999642091e+00 1.389504879807136823e-03 6.198286537027991421e-04
5.057184533581217778e+00 8.215930096353908120e-04 6.204014371065522592e-04
5.058974065162792577e+00 1.493781512815545685e-03 6.209763500607279893e-04
5.060763596744368265e+00 1.647939849862581959e-03 6.215795936120992876e-04
5.062553128325943952e+00 5.764700212778853120e-04 6.221905217124831149e-04
5.064342659907518751e+00 8.515963127482417292e-04 6.228046911281448625e-04
5.066132152020272450e+00 2.439173940440768438e-03 6.235973293645647418e-04
5.067921571916671475e+00 1.619000502017998999e-03 6.243942042868265083e-04
5.069711088710143088e+00 1.217384183506089405e-03 6.252273376554675060e-04
5.071500752396718603e+00 4.152441185608052136e-04 6.262216667300076227e-04
5.073290308443026753e+00 2.117169503836860596e-03 6.272223811081031712e-04
5.075079728339425778e+00 1.239547638710233922e-03 6.283065054052087029e-04
5.076869148235824802e+00 5.205836999828039515e-04 6.295513465143006554e-04
5.078658568132223827e+00 1.782618958189720413e-04 6.308065207556749418e-04
5.080447988028622852e+00 1.442358577758727067e-03 6.323034305122153618e-04
5.082237407925020989e+00 1.255944652821677082e-03 6.340485503563415663e-04
5.084026827821420014e+00 1.213843298189655083e-03 6.358090836852738634e-04
5.085816247717819039e+00 1.955998817619734962e-03 6.375518041110538742e-04
5.087605667614218063e+00 1.033992807322136730e-03 6.392913166615132566e-04
5.089395087510617088e+00 1.863165203981038184e-03 6.410455940085615489e-04
5.091184433495707040e+00 6.266131454845287607e-04 6.429573183637148298e-04
5.092973741720869363e+00 1.898941938809616328e-03 6.449197962032778789e-04
5.094763049946031686e+00 1.774694496743074680e-03 6.469144253752775976e-04
5.096552358171193120e+00 1.154008848180610369e-03 6.508140220991141985e-04
5.098341666396355443e+00 1.494729515558643283e-03 6.548543743095789531e-04
5.100130974621517765e+00 1.355985632008948304e-03 6.585264175275215527e-04
5.101920282846680088e+00 2.306376435744560832e-03 6.591769056820090227e-04
5.103709591071842411e+00 9.398093732226560143e-04 6.597996692116209899e-04
5.105498899297004733e+00 2.708391609597295049e-03 6.595992470937631731e-04
5.107288207522167056e+00 1.121921959393642771e-03 6.572118343128147914e-04
5.109077417311169711e+00 4.120084855063375559e-05 6.548396016030185373e-04
5.110866613879032627e+00 1.539040366701195433e-03 6.534223889551618808e-04
5.112655810446895543e+00 1.026040086260415459e-03 6.533212445045217739e-04
5.114445007014758460e+00 1.539210164266160410e-03 6.532380019503414683e-04
5.116234203582620488e+00 6.860199290380235466e-04 6.541684785325014954e-04
5.118023400150483404e+00 8.217093320785479309e-04 6.559194628642548786e-04
5.119812596718346320e+00 1.391901655589856566e-03 6.576996582481133306e-04
5.121601793286209237e+00 7.915233767771536703e-04 6.606999233817520802e-04
5.123390989854071265e+00 7.519167198529218884e-04 6.642823976039642728e-04
5.125180175178553732e+00 1.258061453948628458e-03 6.679202183496998815e-04
5.126969260103050985e+00 2.437539512510188654e-03 6.709248961932833639e-04
5.128758345027549126e+00 3.846999171497980131e-04 6.738242722829529711e-04
5.130547429952046379e+00 8.868955874856398460e-04 6.767246897283315989e-04
5.132336514876544520e+00 7.431099513646424910e-04 6.752498278445287667e-04
5.134125599801041773e+00 1.250222015013640556e-03 6.736018856256719908e-04
5.135914684725539914e+00 1.419996009797884051e-03 6.720495637961328020e-04
5.137703769650037167e+00 1.315326845253844039e-03 6.712365257244962396e-04
5.139492854574535308e+00 9.374384714713524837e-04 6.704346598993149052e-04
5.141281939499032561e+00 8.455035508790256088e-04 6.699710740926861962e-04
5.143070988789867570e+00 1.575084508911179506e-03 6.706340927906717696e-04
5.144859962084932015e+00 7.713815630935741754e-04 6.713090561775968959e-04
5.146648935379996459e+00 1.918580138109634865e-03 6.721624121447026092e-04
5.148437908675060903e+00 8.929734953076555980e-04 6.733440999326034074e-04
5.150226881970125348e+00 1.860986818326105250e-03 6.745345641596661029e-04
5.152015855265190680e+00 1.695798205469632941e-03 6.758167314399586047e-04
5.153804828560255125e+00 7.082410817304535386e-04 6.772020676007147518e-04
5.155593801855319569e+00 2.422032715199549935e-03 6.785976832472096452e-04
5.157382775150384013e+00 1.171634584473693142e-03 6.801507699912297646e-04
5.159171748445448458e+00 1.944808887659003069e-03 6.818184788030070588e-04
5.160960661790779724e+00 2.645961124748234371e-03 6.834999724656923466e-04
5.162749523470340662e+00 2.074707827065378710e-03 6.853411600640086070e-04
5.164538385149901600e+00 2.097304912940773682e-03 6.872590446353184050e-04
5.166327246829461650e+00 1.494913551168429314e-03 6.891910428639396336e-04
5.168116108509022588e+00 2.862197658153671671e-05 6.908967559859966563e-04
5.169904970188583526e+00 1.019317248555719679e-03 6.925598388106451097e-04
5.171693831868144464e+00 1.720714559934030056e-03 6.942267212619108096e-04
5.173482693547705402e+00 1.667780467297777730e-03 6.949677587278813061e-04
5.177060225963503015e+00 1.726893670587691023e-03 4.882899072215799103e-04
